-1.581169e-11 0.000000e+00
-1.581169e-11 -1.313806e-11
-1.581169e-11 -1.301385e-11
-1.581169e-11 -1.290838e-11
-1.581169e-11 -1.282480e-11
-1.581169e-11 -1.276910e-11
-1.581169e-11 -1.273318e-11
-1.581169e-11 -1.271558e-11
-1.581169e-11 -1.272371e-11
-1.581169e-11 -1.275757e-11
-1.581169e-11 -1.281507e-11
-1.581169e-11 -1.289237e-11
-1.581169e-11 -1.298859e-11
-1.581169e-11 -1.310318e-11
-1.852399e-11 -1.310318e-11
-1.852399e-11 -1.365855e-11
-1.852399e-11 -1.417323e-11
-1.852399e-11 -1.465563e-11
-2.220985e-11 -1.465563e-11
-2.220985e-11 -1.556646e-11
-2.220985e-11 -1.641481e-11
-2.220985e-11 -1.721426e-11
-2.220985e-11 -1.797455e-11
-2.220985e-11 -1.870319e-11
-2.220985e-11 -1.940601e-11
-2.688350e-11 -1.940601e-11
-3.145679e-11 -1.940601e-11
-3.145679e-11 -2.077554e-11
-3.145679e-11 -2.207668e-11
-3.145679e-11 -2.332216e-11
-3.145679e-11 -2.452158e-11
-3.145679e-11 -2.568412e-11
-3.665232e-11 -2.568412e-11
-3.665232e-11 -2.708636e-11
-3.665232e-11 -2.844651e-11
-3.665232e-11 -2.977109e-11
-4.215618e-11 -2.977109e-11
-4.215618e-11 -3.134627e-11
-4.768490e-11 -3.134627e-11
-4.768490e-11 -3.316652e-11
-4.768490e-11 -3.493624e-11
-4.768490e-11 -3.666243e-11
-5.355984e-11 -3.666243e-11
-5.355984e-11 -3.861377e-11
-5.931400e-11 -3.861377e-11
-6.494802e-11 -3.861377e-11
-6.494802e-11 -4.101909e-11
-6.494802e-11 -4.336506e-11
-6.494802e-11 -4.565986e-11
-6.494802e-11 -4.790999e-11
-7.113081e-11 -4.790999e-11
-7.113081e-11 -5.035929e-11
-7.113081e-11 -5.276275e-11
-7.113081e-11 -5.512413e-11
-7.113081e-11 -5.744606e-11
-7.769172e-11 -5.744606e-11
-8.399524e-11 -5.744606e-11
-8.399524e-11 -6.012776e-11
-8.399524e-11 -6.275544e-11
-8.399524e-11 -6.533230e-11
-8.399524e-11 -6.786056e-11
-8.399524e-11 -7.034151e-11
-8.399524e-11 -7.277553e-11
-8.399524e-11 -7.516258e-11
-8.399524e-11 -7.750155e-11
-8.399524e-11 -7.979116e-11
-8.399524e-11 -8.202966e-11
-8.399524e-11 -8.421538e-11
-9.098785e-11 -8.421538e-11
-9.098785e-11 -8.643482e-11
-9.098785e-11 -8.858868e-11
-9.098785e-11 -9.067607e-11
-9.098785e-11 -9.269617e-11
-9.751977e-11 -9.269617e-11
-9.751977e-11 -9.471256e-11
-1.036015e-10 -9.471256e-11
-1.036015e-10 -9.671893e-11
-1.036015e-10 -9.864551e-11
-1.036015e-10 -1.004946e-10
-1.036015e-10 -1.022681e-10
-1.036015e-10 -1.039685e-10
-1.091534e-10 -1.039685e-10
-1.091534e-10 -1.056656e-10
-1.091534e-10 -1.072921e-10
-1.091534e-10 -1.088514e-10
-1.143719e-10 -1.088514e-10
-1.143719e-10 -1.104316e-10
-1.193976e-10 -1.104316e-10
-1.243904e-10 -1.104316e-10
-1.243904e-10 -1.121482e-10
-1.243904e-10 -1.138126e-10
-1.293913e-10 -1.138126e-10
-1.293913e-10 -1.155554e-10
-1.293913e-10 -1.172623e-10
-1.344725e-10 -1.172623e-10
-1.344725e-10 -1.190690e-10
-1.344725e-10 -1.208557e-10
-1.344725e-10 -1.226290e-10
-1.344725e-10 -1.243950e-10
-1.344725e-10 -1.261583e-10
-1.344725e-10 -1.279228e-10
-1.344725e-10 -1.296916e-10
-1.344725e-10 -1.314671e-10
-1.344725e-10 -1.332506e-10
-1.344725e-10 -1.350432e-10
-1.405234e-10 -1.350432e-10
-1.405234e-10 -1.369664e-10
-1.405234e-10 -1.388961e-10
-1.466995e-10 -1.388961e-10
-1.466995e-10 -1.409400e-10
-1.466995e-10 -1.429849e-10
-1.529523e-10 -1.429849e-10
-1.529523e-10 -1.451321e-10
-1.529523e-10 -1.472735e-10
-1.529523e-10 -1.494071e-10
-1.529523e-10 -1.515310e-10
-1.529523e-10 -1.536427e-10
-1.594217e-10 -1.536427e-10
-1.594217e-10 -1.558131e-10
-1.594217e-10 -1.579606e-10
-1.657766e-10 -1.579606e-10
-1.657766e-10 -1.601464e-10
-1.657766e-10 -1.622993e-10
-1.657766e-10 -1.644172e-10
-1.657766e-10 -1.664980e-10
-1.719769e-10 -1.664980e-10
-1.719769e-10 -1.685834e-10
-1.719769e-10 -1.706238e-10
-1.719769e-10 -1.726177e-10
-1.779075e-10 -1.726177e-10
-1.779075e-10 -1.745958e-10
-1.779075e-10 -1.765227e-10
-1.779075e-10 -1.783985e-10
-1.835623e-10 -1.783985e-10
-1.835623e-10 -1.802642e-10
-1.835623e-10 -1.820778e-10
-1.835623e-10 -1.838405e-10
-1.889557e-10 -1.838405e-10
-1.889557e-10 -1.855925e-10
-1.889557e-10 -1.872970e-10
-1.941706e-10 -1.872970e-10
-1.941706e-10 -1.890054e-10
-1.941706e-10 -1.906724e-10
-1.941706e-10 -1.923018e-10
-1.941706e-10 -1.938969e-10
-1.941706e-10 -1.954612e-10
-1.992692e-10 -1.954612e-10
-1.992692e-10 -1.970701e-10
-1.992692e-10 -1.986564e-10
-1.992692e-10 -2.002237e-10
-2.043935e-10 -2.002237e-10
-2.043935e-10 -2.018438e-10
-2.095346e-10 -2.018438e-10
-2.095346e-10 -2.035295e-10
-2.095346e-10 -2.052097e-10
-2.095346e-10 -2.068874e-10
-2.095346e-10 -2.085655e-10
-2.095346e-10 -2.102461e-10
-2.149658e-10 -2.102461e-10
-2.149658e-10 -2.120139e-10
-2.149658e-10 -2.137874e-10
-2.149658e-10 -2.155677e-10
-2.206106e-10 -2.155677e-10
-2.262436e-10 -2.155677e-10
-2.318607e-10 -2.155677e-10
-2.318607e-10 -2.176039e-10
-2.318607e-10 -2.196455e-10
-2.318607e-10 -2.216929e-10
-2.318607e-10 -2.237459e-10
-2.318607e-10 -2.258037e-10
-2.378176e-10 -2.258037e-10
-2.378176e-10 -2.279403e-10
-2.378176e-10 -2.300770e-10
-2.438406e-10 -2.300770e-10
-2.438406e-10 -2.322782e-10
-2.438406e-10 -2.344734e-10
-2.438406e-10 -2.366607e-10
-2.438406e-10 -2.388382e-10
-2.438406e-10 -2.410036e-10
-2.438406e-10 -2.431542e-10
-2.500175e-10 -2.431542e-10
-2.500175e-10 -2.453343e-10
-2.500175e-10 -2.474910e-10
-2.500175e-10 -2.496220e-10
-2.500175e-10 -2.517252e-10
-2.561065e-10 -2.517252e-10
-2.561065e-10 -2.538322e-10
-2.561065e-10 -2.559044e-10
-2.561065e-10 -2.579401e-10
-2.620048e-10 -2.579401e-10
-2.620048e-10 -2.599572e-10
-2.620048e-10 -2.619336e-10
-2.620048e-10 -2.638690e-10
-2.676710e-10 -2.638690e-10
-2.676710e-10 -2.657830e-10
-2.731865e-10 -2.657830e-10
-2.731865e-10 -2.676783e-10
-2.731865e-10 -2.695325e-10
-2.731865e-10 -2.713476e-10
-2.731865e-10 -2.731252e-10
-2.731865e-10 -2.748673e-10
-2.784489e-10 -2.748673e-10
-2.784489e-10 -2.766042e-10
-2.784489e-10 -2.783110e-10
-2.784489e-10 -2.799903e-10
-2.835948e-10 -2.799903e-10
-2.835948e-10 -2.816814e-10
-2.835948e-10 -2.833524e-10
-2.835948e-10 -2.850060e-10
-2.887162e-10 -2.850060e-10
-2.938262e-10 -2.850060e-10
-2.989384e-10 -2.850060e-10
-2.989384e-10 -2.868056e-10
-2.989384e-10 -2.885999e-10
-2.989384e-10 -2.903923e-10
-2.989384e-10 -2.921857e-10
-2.989384e-10 -2.939828e-10
-2.989384e-10 -2.957857e-10
-2.989384e-10 -2.975963e-10
-3.044118e-10 -2.975963e-10
-3.044118e-10 -2.994851e-10
-3.044118e-10 -3.013841e-10
-3.044118e-10 -3.032941e-10
-3.044118e-10 -3.052151e-10
-3.101596e-10 -3.052151e-10
-3.101596e-10 -3.072120e-10
-3.101596e-10 -3.092179e-10
-3.101596e-10 -3.112318e-10
-3.160690e-10 -3.112318e-10
-3.160690e-10 -3.133082e-10
-3.160690e-10 -3.153878e-10
-3.160690e-10 -3.174688e-10
-3.220848e-10 -3.174688e-10
-3.280518e-10 -3.174688e-10
-3.280518e-10 -3.196469e-10
-3.280518e-10 -3.218172e-10
-3.280518e-10 -3.239776e-10
-3.280518e-10 -3.261265e-10
-3.280518e-10 -3.282616e-10
-3.340647e-10 -3.282616e-10
-3.340647e-10 -3.304117e-10
-3.340647e-10 -3.325413e-10
-3.340647e-10 -3.346483e-10
-3.400014e-10 -3.346483e-10
-3.458614e-10 -3.346483e-10
-3.458614e-10 -3.367837e-10
-3.458614e-10 -3.388892e-10
-3.458614e-10 -3.409644e-10
-3.458614e-10 -3.430088e-10
-3.458614e-10 -3.450221e-10
-3.458614e-10 -3.470039e-10
-3.515088e-10 -3.470039e-10
-3.515088e-10 -3.489679e-10
-3.515088e-10 -3.508999e-10
-3.515088e-10 -3.528005e-10
-3.570006e-10 -3.528005e-10
-3.570006e-10 -3.546927e-10
-3.570006e-10 -3.565551e-10
-3.570006e-10 -3.583895e-10
-3.623728e-10 -3.583895e-10
-3.677074e-10 -3.583895e-10
-3.677074e-10 -3.602557e-10
-3.677074e-10 -3.620999e-10
-3.729998e-10 -3.620999e-10
-3.729998e-10 -3.639605e-10
-3.729998e-10 -3.658062e-10
-3.729998e-10 -3.676397e-10
-3.729998e-10 -3.694637e-10
-3.729998e-10 -3.712807e-10
-3.729998e-10 -3.730928e-10
-3.783791e-10 -3.730928e-10
-3.783791e-10 -3.749476e-10
-3.783791e-10 -3.768028e-10
-3.783791e-10 -3.786601e-10
-3.783791e-10 -3.805210e-10
-3.783791e-10 -3.823864e-10
-3.839569e-10 -3.823864e-10
-3.839569e-10 -3.843063e-10
-3.895750e-10 -3.843063e-10
-3.895750e-10 -3.862834e-10
-3.895750e-10 -3.882666e-10
-3.895750e-10 -3.902557e-10
-3.953309e-10 -3.902557e-10
-3.953309e-10 -3.923001e-10
-3.953309e-10 -3.943486e-10
-3.953309e-10 -3.964006e-10
-4.011898e-10 -3.964006e-10
-4.011898e-10 -3.984955e-10
-4.011898e-10 -4.005899e-10
-4.011898e-10 -4.026825e-10
-4.071042e-10 -4.026825e-10
-4.071042e-10 -4.048073e-10
-4.071042e-10 -4.069251e-10
-4.071042e-10 -4.090343e-10
-4.130332e-10 -4.090343e-10
-4.189175e-10 -4.090343e-10
-4.189175e-10 -4.111957e-10
-4.189175e-10 -4.133412e-10
-4.189175e-10 -4.154697e-10
-4.189175e-10 -4.175801e-10
-4.189175e-10 -4.196712e-10
-4.247472e-10 -4.196712e-10
-4.247472e-10 -4.217619e-10
-4.247472e-10 -4.238297e-10
-4.247472e-10 -4.258740e-10
-4.304713e-10 -4.258740e-10
-4.361300e-10 -4.258740e-10
-4.361300e-10 -4.279281e-10
-4.361300e-10 -4.299567e-10
-4.361300e-10 -4.319602e-10
-4.416873e-10 -4.319602e-10
-4.416873e-10 -4.339610e-10
-4.416873e-10 -4.359383e-10
-4.416873e-10 -4.378932e-10
-4.416873e-10 -4.398268e-10
-4.416873e-10 -4.417406e-10
-4.471420e-10 -4.417406e-10
-4.471420e-10 -4.436581e-10
-4.525622e-10 -4.436581e-10
-4.525622e-10 -4.455889e-10
-4.579612e-10 -4.455889e-10
-4.633340e-10 -4.455889e-10
-4.633340e-10 -4.475662e-10
-4.633340e-10 -4.495348e-10
-4.633340e-10 -4.514969e-10
-4.633340e-10 -4.534545e-10
-4.633340e-10 -4.554092e-10
-4.633340e-10 -4.573627e-10
-4.688289e-10 -4.573627e-10
-4.688289e-10 -4.593586e-10
-4.688289e-10 -4.613568e-10
-4.688289e-10 -4.633581e-10
-4.688289e-10 -4.653634e-10
-4.688289e-10 -4.673731e-10
-4.688289e-10 -4.693874e-10
-4.745541e-10 -4.693874e-10
-4.802752e-10 -4.693874e-10
-4.802752e-10 -4.714932e-10
-4.802752e-10 -4.736022e-10
-4.802752e-10 -4.757143e-10
-4.802752e-10 -4.778288e-10
-4.802752e-10 -4.799450e-10
-4.802752e-10 -4.820618e-10
-4.861920e-10 -4.820618e-10
-4.861920e-10 -4.842142e-10
-4.861920e-10 -4.863631e-10
-4.921298e-10 -4.863631e-10
-4.921298e-10 -4.885388e-10
-4.921298e-10 -4.907065e-10
-4.921298e-10 -4.928651e-10
-4.980708e-10 -4.928651e-10
-4.980708e-10 -4.950379e-10
-4.980708e-10 -4.971970e-10
-4.980708e-10 -4.993413e-10
-5.039704e-10 -4.993413e-10
-5.039704e-10 -5.014891e-10
-5.039704e-10 -5.036183e-10
-5.039704e-10 -5.057281e-10
-5.097964e-10 -5.057281e-10
-5.097964e-10 -5.078348e-10
-5.097964e-10 -5.099197e-10
-5.155411e-10 -5.099197e-10
-5.155411e-10 -5.119968e-10
-5.155411e-10 -5.140515e-10
-5.155411e-10 -5.160840e-10
-5.211923e-10 -5.160840e-10
-5.211923e-10 -5.181126e-10
-5.211923e-10 -5.201204e-10
-5.211923e-10 -5.221078e-10
-5.267624e-10 -5.221078e-10
-5.267624e-10 -5.240935e-10
-5.267624e-10 -5.260618e-10
-5.267624e-10 -5.280139e-10
-5.322828e-10 -5.280139e-10
-5.322828e-10 -5.299758e-10
-5.322828e-10 -5.319253e-10
-5.322828e-10 -5.338639e-10
-5.377940e-10 -5.338639e-10
-5.377940e-10 -5.358205e-10
-5.377940e-10 -5.377704e-10
-5.377940e-10 -5.397149e-10
-5.433226e-10 -5.397149e-10
-5.433226e-10 -5.416820e-10
-5.433226e-10 -5.436472e-10
-5.488693e-10 -5.436472e-10
-5.488693e-10 -5.456415e-10
-5.488693e-10 -5.476367e-10
-5.488693e-10 -5.496335e-10
-5.544924e-10 -5.496335e-10
-5.601171e-10 -5.496335e-10
-5.601171e-10 -5.517081e-10
-5.601171e-10 -5.537854e-10
-5.601171e-10 -5.558659e-10
-5.601171e-10 -5.579498e-10
-5.601171e-10 -5.600369e-10
-5.601171e-10 -5.621267e-10
-5.659376e-10 -5.621267e-10
-5.659376e-10 -5.642557e-10
-5.659376e-10 -5.663854e-10
-5.718026e-10 -5.663854e-10
-5.718026e-10 -5.685464e-10
-5.718026e-10 -5.707055e-10
-5.718026e-10 -5.728616e-10
-5.777110e-10 -5.728616e-10
-5.777110e-10 -5.750416e-10
-5.777110e-10 -5.772149e-10
-5.836148e-10 -5.772149e-10
-5.836148e-10 -5.794028e-10
-5.894870e-10 -5.794028e-10
-5.894870e-10 -5.816006e-10
-5.894870e-10 -5.837864e-10
-5.894870e-10 -5.859592e-10
-5.894870e-10 -5.881184e-10
-5.894870e-10 -5.902630e-10
-5.953145e-10 -5.902630e-10
-5.953145e-10 -5.924069e-10
-5.953145e-10 -5.945338e-10
-5.953145e-10 -5.966432e-10
-6.010637e-10 -5.966432e-10
-6.010637e-10 -5.987453e-10
-6.010637e-10 -6.008288e-10
-6.067437e-10 -6.008288e-10
-6.067437e-10 -6.029082e-10
-6.067437e-10 -6.049689e-10
-6.067437e-10 -6.070113e-10
-6.123515e-10 -6.070113e-10
-6.123515e-10 -6.090510e-10
-6.123515e-10 -6.110738e-10
-6.123515e-10 -6.130806e-10
-6.178960e-10 -6.130806e-10
-6.178960e-10 -6.150875e-10
-6.178960e-10 -6.170810e-10
-6.178960e-10 -6.190624e-10
-6.234070e-10 -6.190624e-10
-6.288995e-10 -6.190624e-10
-6.343764e-10 -6.190624e-10
-6.343764e-10 -6.211015e-10
-6.343764e-10 -6.231342e-10
-6.343764e-10 -6.251620e-10
-6.343764e-10 -6.271864e-10
-6.343764e-10 -6.292089e-10
-6.343764e-10 -6.312306e-10
-6.399536e-10 -6.312306e-10
-6.399536e-10 -6.332864e-10
-6.399536e-10 -6.353440e-10
-6.399536e-10 -6.374042e-10
-6.399536e-10 -6.394676e-10
-6.456477e-10 -6.394676e-10
-6.456477e-10 -6.415681e-10
-6.456477e-10 -6.436723e-10
-6.456477e-10 -6.457802e-10
-6.514263e-10 -6.457802e-10
-6.514263e-10 -6.479225e-10
-6.514263e-10 -6.500675e-10
-6.514263e-10 -6.522147e-10
-6.572744e-10 -6.522147e-10
-6.572744e-10 -6.543919e-10
-6.572744e-10 -6.565688e-10
-6.572744e-10 -6.587444e-10
-6.572744e-10 -6.609179e-10
-6.631801e-10 -6.609179e-10
-6.631801e-10 -6.631096e-10
-6.631801e-10 -6.652953e-10
-6.690754e-10 -6.652953e-10
-6.690754e-10 -6.674925e-10
-6.690754e-10 -6.696799e-10
-6.749436e-10 -6.696799e-10
-6.807756e-10 -6.696799e-10
-6.807756e-10 -6.718877e-10
-6.807756e-10 -6.740814e-10
-6.865609e-10 -6.740814e-10
-6.865609e-10 -6.762733e-10
-6.922973e-10 -6.762733e-10
-6.922973e-10 -6.784606e-10
-6.922973e-10 -6.806314e-10
-6.922973e-10 -6.827856e-10
-6.922973e-10 -6.849235e-10
-6.922973e-10 -6.870451e-10
-6.922973e-10 -6.891505e-10
-6.922973e-10 -6.912399e-10
-6.922973e-10 -6.933136e-10
-6.979270e-10 -6.933136e-10
-6.979270e-10 -6.953863e-10
-6.979270e-10 -6.974441e-10
-6.979270e-10 -6.994877e-10
-7.035093e-10 -6.994877e-10
-7.035093e-10 -7.015334e-10
-7.035093e-10 -7.035667e-10
-7.035093e-10 -7.055886e-10
-7.035093e-10 -7.075999e-10
-7.090515e-10 -7.075999e-10
-7.090515e-10 -7.096148e-10
-7.145711e-10 -7.096148e-10
-7.200779e-10 -7.096148e-10
-7.200779e-10 -7.116647e-10
-7.200779e-10 -7.137092e-10
-7.200779e-10 -7.157495e-10
-7.200779e-10 -7.177866e-10
-7.200779e-10 -7.198215e-10
-7.200779e-10 -7.218551e-10
