-1.346749e-06 0.000000e+00
-1.346749e-06 -1.373392e-05
-7.394705e-06 -1.373392e-05
-5.772740e-06 -1.373392e-05
-6.233648e-06 -1.373392e-05
-7.872307e-06 -1.373392e-05
-7.872307e-06 -7.109324e-06
-7.872307e-06 -1.063003e-05
-1.050700e-05 -1.063003e-05
-9.485969e-06 -1.063003e-05
-1.025543e-05 -1.063003e-05
-1.118410e-05 -1.063003e-05
-1.118410e-05 -9.681451e-06
-1.118410e-05 -9.719943e-06
-1.118410e-05 -8.111677e-06
-1.118410e-05 -7.486562e-06
-1.118410e-05 -8.237765e-06
-1.080094e-05 -8.237765e-06
-1.080094e-05 -7.734431e-06
-1.080094e-05 -7.885344e-06
-1.080094e-05 -7.454944e-06
-1.080094e-05 -7.260409e-06
-1.013904e-05 -7.260409e-06
-1.013904e-05 -7.025351e-06
-1.013904e-05 -7.515717e-06
-9.536718e-06 -7.515717e-06
-9.536718e-06 -7.790725e-06
-9.536718e-06 -8.374650e-06
-9.536718e-06 -8.253471e-06
-9.536718e-06 -8.087295e-06
-9.536718e-06 -7.939905e-06
-9.536718e-06 -7.891338e-06
-9.536718e-06 -7.661675e-06
-9.536718e-06 -7.451779e-06
-1.030805e-05 -7.451779e-06
-1.030805e-05 -7.441655e-06
-1.030805e-05 -7.190480e-06
-1.030805e-05 -6.999896e-06
-1.030805e-05 -7.490805e-06
-1.030805e-05 -7.417882e-06
-1.010945e-05 -7.417882e-06
-1.010945e-05 -7.277247e-06
-1.010945e-05 -7.120885e-06
-1.010945e-05 -7.528176e-06
-9.689271e-06 -7.528176e-06
-9.689271e-06 -7.631291e-06
-9.689271e-06 -7.421072e-06
-9.689271e-06 -7.479802e-06
-9.689271e-06 -7.299340e-06
-9.689271e-06 -7.129698e-06
-9.689271e-06 -7.280678e-06
-9.689271e-06 -7.184371e-06
-9.689271e-06 -7.393226e-06
-9.689271e-06 -7.350224e-06
-9.689271e-06 -7.376101e-06
-9.689271e-06 -7.500469e-06
-9.689271e-06 -7.647863e-06
-9.689271e-06 -7.625256e-06
-9.689271e-06 -7.688275e-06
-9.689271e-06 -7.573184e-06
-9.689271e-06 -7.499307e-06
-9.689271e-06 -7.815297e-06
-9.689271e-06 -8.115734e-06
-9.689271e-06 -8.185392e-06
-9.689271e-06 -8.176579e-06
-9.689271e-06 -8.126614e-06
-9.689271e-06 -8.002392e-06
-9.689271e-06 -7.919224e-06
-9.689271e-06 -7.882031e-06
-9.689271e-06 -7.854893e-06
-9.689271e-06 -7.865768e-06
-9.689271e-06 -7.826312e-06
-9.689271e-06 -7.890279e-06
-9.689271e-06 -7.818967e-06
-9.689271e-06 -7.892683e-06
-9.689271e-06 -7.956198e-06
-9.689271e-06 -8.159858e-06
-9.689271e-06 -8.068870e-06
-9.689271e-06 -8.027404e-06
-9.689271e-06 -8.011610e-06
-9.689271e-06 -7.907394e-06
-9.689271e-06 -7.943380e-06
-9.689271e-06 -7.973067e-06
-9.689271e-06 -7.882978e-06
-9.689271e-06 -7.922182e-06
-9.689271e-06 -7.975668e-06
-9.689271e-06 -7.926818e-06
-9.689271e-06 -7.840080e-06
-9.689271e-06 -7.927143e-06
-9.689271e-06 -7.845626e-06
-9.689271e-06 -7.792467e-06
-9.319034e-06 -7.792467e-06
-9.319034e-06 -7.978892e-06
-9.319034e-06 -7.973744e-06
-9.526509e-06 -7.973744e-06
-9.526509e-06 -8.107975e-06
-9.526509e-06 -8.121514e-06
-9.526509e-06 -8.066498e-06
-9.239004e-06 -8.066498e-06
-9.239004e-06 -8.105028e-06
-9.239004e-06 -8.035443e-06
-9.239004e-06 -8.043918e-06
-9.239004e-06 -8.017870e-06
-9.239004e-06 -7.952772e-06
-9.374778e-06 -7.952772e-06
-9.374778e-06 -7.888536e-06
-9.374778e-06 -7.876880e-06
-9.374778e-06 -7.953745e-06
-9.374778e-06 -7.920829e-06
-9.374778e-06 -7.935463e-06
-9.374778e-06 -7.876504e-06
-9.374778e-06 -7.848585e-06
-9.374778e-06 -7.823048e-06
-9.374778e-06 -7.786038e-06
-9.374778e-06 -7.790745e-06
-9.374778e-06 -7.755474e-06
-9.374778e-06 -7.765788e-06
-9.374778e-06 -7.756869e-06
-9.374778e-06 -7.704473e-06
-9.374778e-06 -7.647892e-06
-9.374778e-06 -7.597315e-06
-9.374778e-06 -7.645764e-06
-9.374778e-06 -7.670870e-06
-9.374778e-06 -7.729318e-06
-9.374778e-06 -7.673327e-06
-9.115739e-06 -7.673327e-06
-9.115739e-06 -7.756607e-06
-9.115739e-06 -7.851297e-06
-9.115739e-06 -7.877602e-06
-8.955681e-06 -7.877602e-06
-8.955681e-06 -7.881483e-06
-9.159773e-06 -7.881483e-06
-9.159773e-06 -8.013956e-06
-9.159773e-06 -8.089829e-06
-9.159773e-06 -8.069415e-06
-9.159773e-06 -8.051163e-06
-9.159773e-06 -8.069555e-06
-8.995220e-06 -8.069555e-06
-8.995220e-06 -8.093522e-06
-8.995220e-06 -8.054813e-06
-8.995220e-06 -8.077632e-06
-8.995220e-06 -8.054213e-06
-8.995220e-06 -8.054318e-06
-8.995220e-06 -8.008242e-06
-8.794165e-06 -8.008242e-06
-8.794165e-06 -7.993167e-06
-8.794165e-06 -7.995566e-06
-8.794165e-06 -7.952284e-06
-8.844528e-06 -7.952284e-06
-8.844528e-06 -8.066716e-06
-8.844528e-06 -8.041620e-06
-8.844528e-06 -8.131717e-06
-8.844528e-06 -8.095191e-06
-8.844528e-06 -8.128300e-06
-8.844528e-06 -8.110181e-06
-8.844528e-06 -8.115967e-06
-8.844528e-06 -8.075001e-06
-8.844528e-06 -8.109101e-06
-8.844528e-06 -8.134595e-06
-8.844528e-06 -8.162394e-06
-8.844528e-06 -8.148421e-06
-8.844528e-06 -8.181234e-06
-8.844528e-06 -8.244591e-06
-8.844528e-06 -8.245187e-06
-8.844528e-06 -8.213503e-06
-8.844528e-06 -8.175470e-06
-8.844528e-06 -8.251431e-06
-8.844528e-06 -8.292559e-06
-8.844528e-06 -8.307042e-06
-8.844528e-06 -8.315650e-06
-9.050814e-06 -8.315650e-06
-9.050814e-06 -8.339871e-06
-9.050814e-06 -8.365094e-06
-9.050814e-06 -8.343711e-06
-9.050814e-06 -8.317166e-06
-9.050814e-06 -8.294086e-06
-9.050814e-06 -8.278687e-06
-9.050814e-06 -8.316750e-06
-9.050814e-06 -8.287714e-06
-9.050814e-06 -8.300404e-06
-9.050814e-06 -8.317291e-06
-9.050814e-06 -8.315632e-06
-9.050814e-06 -8.277649e-06
-9.050814e-06 -8.283545e-06
-9.050814e-06 -8.315710e-06
-8.797330e-06 -8.315710e-06
-8.797330e-06 -8.301935e-06
-8.797330e-06 -8.266198e-06
-8.797330e-06 -8.285143e-06
-8.583507e-06 -8.285143e-06
-8.583507e-06 -8.361799e-06
-8.583507e-06 -8.340729e-06
-8.583507e-06 -8.306500e-06
-8.583507e-06 -8.412289e-06
-8.583507e-06 -8.483336e-06
-8.715617e-06 -8.483336e-06
-8.715617e-06 -8.483822e-06
-8.715617e-06 -8.519298e-06
-8.715617e-06 -8.509767e-06
-8.715617e-06 -8.482429e-06
-8.715617e-06 -8.482786e-06
-8.715617e-06 -8.445114e-06
-8.715617e-06 -8.408070e-06
-8.715617e-06 -8.392113e-06
-8.715617e-06 -8.403352e-06
-8.532124e-06 -8.403352e-06
-8.532124e-06 -8.371032e-06
-8.532124e-06 -8.345266e-06
-8.532124e-06 -8.338503e-06
-8.703993e-06 -8.338503e-06
-8.703993e-06 -8.301363e-06
-8.703993e-06 -8.335805e-06
-8.703993e-06 -8.337612e-06
-8.703993e-06 -8.306675e-06
-8.703993e-06 -8.271508e-06
-8.703993e-06 -8.280614e-06
-8.703993e-06 -8.245112e-06
-8.703993e-06 -8.230762e-06
-8.703993e-06 -8.204302e-06
-8.703993e-06 -8.224417e-06
-8.703993e-06 -8.199443e-06
-8.703993e-06 -8.166317e-06
-8.770624e-06 -8.166317e-06
-8.770624e-06 -8.135441e-06
-8.770624e-06 -8.146514e-06
-8.770624e-06 -8.116767e-06
-8.770624e-06 -8.086499e-06
-8.770624e-06 -8.070191e-06
-8.770624e-06 -8.073401e-06
-8.770624e-06 -8.047352e-06
-8.770624e-06 -8.026256e-06
-8.770624e-06 -8.040505e-06
-8.562325e-06 -8.040505e-06
-8.562325e-06 -8.025837e-06
-8.562325e-06 -8.048190e-06
-8.562325e-06 -8.091620e-06
-8.562325e-06 -8.061966e-06
-8.562325e-06 -8.032979e-06
-8.562325e-06 -8.007722e-06
-8.562325e-06 -8.014933e-06
-8.562325e-06 -8.064925e-06
-8.562325e-06 -8.071186e-06
-8.692300e-06 -8.071186e-06
-8.692300e-06 -8.073148e-06
-8.692300e-06 -8.046464e-06
-8.692300e-06 -8.022876e-06
-8.692300e-06 -8.010266e-06
-8.563232e-06 -8.010266e-06
-8.563232e-06 -8.029110e-06
-8.563232e-06 -8.039227e-06
-8.563232e-06 -8.049167e-06
-8.563232e-06 -8.043347e-06
-8.563232e-06 -8.081626e-06
-8.563232e-06 -8.059046e-06
-8.563232e-06 -8.057552e-06
-8.563232e-06 -8.097736e-06
-8.563232e-06 -8.077329e-06
-8.521947e-06 -8.077329e-06
-8.521947e-06 -8.073749e-06
-8.521947e-06 -8.102401e-06
-8.545737e-06 -8.102401e-06
-8.545737e-06 -8.074319e-06
-8.545737e-06 -8.112587e-06
-8.545737e-06 -8.173598e-06
-8.545737e-06 -8.161726e-06
-8.545737e-06 -8.136377e-06
-8.545737e-06 -8.114836e-06
-8.545737e-06 -8.110409e-06
-8.545737e-06 -8.084951e-06
-8.545737e-06 -8.071412e-06
-8.364526e-06 -8.071412e-06
-8.364526e-06 -8.042858e-06
-8.364526e-06 -8.031590e-06
-8.470142e-06 -8.031590e-06
-8.470142e-06 -8.045192e-06
-8.470142e-06 -8.050039e-06
-8.402245e-06 -8.050039e-06
-8.446319e-06 -8.050039e-06
-8.446319e-06 -8.036478e-06
-8.446319e-06 -8.012502e-06
-8.446319e-06 -7.989776e-06
-8.446319e-06 -7.961209e-06
-8.446319e-06 -7.977712e-06
-8.446319e-06 -7.999515e-06
-8.446319e-06 -7.985277e-06
-8.446319e-06 -7.964451e-06
-8.446319e-06 -7.965252e-06
-8.446319e-06 -7.941569e-06
-8.446319e-06 -7.920584e-06
-8.446319e-06 -7.928131e-06
-8.510937e-06 -7.928131e-06
-8.510937e-06 -7.938577e-06
-8.510937e-06 -7.963037e-06
-8.510937e-06 -7.941487e-06
-8.510937e-06 -7.925510e-06
-8.510937e-06 -7.912285e-06
-8.510937e-06 -7.923088e-06
-8.744067e-06 -7.923088e-06
-8.744067e-06 -7.924002e-06
-8.744067e-06 -7.921130e-06
-8.744067e-06 -7.958112e-06
-8.744067e-06 -7.934817e-06
-8.744067e-06 -7.943012e-06
-8.744067e-06 -7.957285e-06
-8.744067e-06 -7.950179e-06
-8.742780e-06 -7.950179e-06
-8.742780e-06 -7.949623e-06
-8.742780e-06 -7.941045e-06
-8.912829e-06 -7.941045e-06
-8.912829e-06 -7.992223e-06
-8.912829e-06 -7.989002e-06
-8.912829e-06 -7.969933e-06
-8.912829e-06 -7.954174e-06
-9.021654e-06 -7.954174e-06
-9.021654e-06 -7.946852e-06
-9.021654e-06 -7.936978e-06
-9.021654e-06 -7.916745e-06
-9.021654e-06 -7.903911e-06
-9.021654e-06 -7.933342e-06
-9.021654e-06 -7.974246e-06
-9.021654e-06 -7.966510e-06
-9.021654e-06 -7.960360e-06
-9.021654e-06 -7.945489e-06
-9.021654e-06 -7.923204e-06
-9.021654e-06 -7.922625e-06
-9.021654e-06 -7.910703e-06
-9.021654e-06 -7.937853e-06
-9.021654e-06 -7.968541e-06
-9.021654e-06 -7.957920e-06
-9.021654e-06 -7.991821e-06
-9.021654e-06 -7.973014e-06
-8.977333e-06 -7.973014e-06
-9.107522e-06 -7.973014e-06
-9.107522e-06 -7.962324e-06
-9.107522e-06 -7.943138e-06
-9.107522e-06 -7.973956e-06
-9.107522e-06 -7.959085e-06
-9.107522e-06 -7.949774e-06
-9.107522e-06 -7.942903e-06
-9.107522e-06 -7.928730e-06
-9.107522e-06 -7.970197e-06
-9.107522e-06 -7.974831e-06
-9.107522e-06 -7.987558e-06
-9.107522e-06 -8.007599e-06
-9.107522e-06 -7.989495e-06
-9.107522e-06 -8.003449e-06
-9.107522e-06 -8.006039e-06
-9.107522e-06 -8.017954e-06
-9.107522e-06 -8.055746e-06
-9.107522e-06 -8.062811e-06
-9.107522e-06 -8.072524e-06
-9.107522e-06 -8.066724e-06
-9.107522e-06 -8.103581e-06
-9.107522e-06 -8.092347e-06
-9.107522e-06 -8.089034e-06
-9.107522e-06 -8.081665e-06
-9.107522e-06 -8.099219e-06
-9.107522e-06 -8.091489e-06
-9.107522e-06 -8.072627e-06
-9.107522e-06 -8.066892e-06
-9.107522e-06 -8.045880e-06
-9.107522e-06 -8.039529e-06
-9.107522e-06 -8.022404e-06
-9.107522e-06 -8.028518e-06
-9.107522e-06 -8.016244e-06
-9.107522e-06 -7.997074e-06
-9.107522e-06 -7.979193e-06
-9.107522e-06 -7.977439e-06
-9.107522e-06 -8.014797e-06
-9.107522e-06 -7.994776e-06
-9.107522e-06 -8.016193e-06
-9.107522e-06 -8.013574e-06
-9.107522e-06 -8.001958e-06
-9.107522e-06 -7.993731e-06
-9.107522e-06 -8.020234e-06
-9.107522e-06 -8.043688e-06
-9.107522e-06 -8.024412e-06
-9.107522e-06 -8.008634e-06
-9.107522e-06 -8.020700e-06
-9.107522e-06 -8.056071e-06
-9.107522e-06 -8.074709e-06
-9.107522e-06 -8.058975e-06
-9.107522e-06 -8.058532e-06
-9.107522e-06 -8.051198e-06
-9.019136e-06 -8.051198e-06
-9.019136e-06 -8.051296e-06
-9.019136e-06 -8.034949e-06
-9.019136e-06 -8.045210e-06
-9.019136e-06 -8.044863e-06
-9.019136e-06 -8.052900e-06
-9.019136e-06 -8.080171e-06
-9.019136e-06 -8.074385e-06
-9.019136e-06 -8.098983e-06
-9.024907e-06 -8.098983e-06
-9.024907e-06 -8.095715e-06
-9.024907e-06 -8.133029e-06
-9.024907e-06 -8.137321e-06
-9.024907e-06 -8.117300e-06
-9.024907e-06 -8.126027e-06
-9.024907e-06 -8.146415e-06
-9.024907e-06 -8.147378e-06
-8.889645e-06 -8.147378e-06
-8.889645e-06 -8.155805e-06
-8.889645e-06 -8.150791e-06
-8.889645e-06 -8.133685e-06
-8.889645e-06 -8.128700e-06
-8.889645e-06 -8.112152e-06
-8.889645e-06 -8.136855e-06
-8.876340e-06 -8.136855e-06
-8.876340e-06 -8.167943e-06
-8.876340e-06 -8.214600e-06
-8.876340e-06 -8.230877e-06
-8.876340e-06 -8.218703e-06
-8.876340e-06 -8.211148e-06
-8.876340e-06 -8.190945e-06
-8.876340e-06 -8.172056e-06
-8.876340e-06 -8.188419e-06
-8.876340e-06 -8.221046e-06
-8.876340e-06 -8.232049e-06
-8.876340e-06 -8.252756e-06
-8.876340e-06 -8.262385e-06
-8.876340e-06 -8.251034e-06
-8.876340e-06 -8.244198e-06
-8.876340e-06 -8.245272e-06
-8.876340e-06 -8.252045e-06
-8.876340e-06 -8.242936e-06
-8.737970e-06 -8.242936e-06
-8.737970e-06 -8.224203e-06
-8.737970e-06 -8.217651e-06
-8.737970e-06 -8.205737e-06
-8.737970e-06 -8.255769e-06
-8.737970e-06 -8.266361e-06
-8.737970e-06 -8.267880e-06
-8.714413e-06 -8.267880e-06
-8.714413e-06 -8.249911e-06
-8.714413e-06 -8.281830e-06
-8.714413e-06 -8.277471e-06
-8.714413e-06 -8.294067e-06
-8.714413e-06 -8.291110e-06
-8.714413e-06 -8.297314e-06
-8.714413e-06 -8.304142e-06
-8.714413e-06 -8.341273e-06
-8.714413e-06 -8.334935e-06
-8.714413e-06 -8.320689e-06
-8.714413e-06 -8.306339e-06
-8.714413e-06 -8.303357e-06
-8.714413e-06 -8.301315e-06
-8.714413e-06 -8.291053e-06
-8.714413e-06 -8.286922e-06
-8.714413e-06 -8.279994e-06
-8.714413e-06 -8.324641e-06
-8.714413e-06 -8.347833e-06
-8.714413e-06 -8.343830e-06
-8.714413e-06 -8.343010e-06
-8.714413e-06 -8.330274e-06
-8.714413e-06 -8.320164e-06
-8.714413e-06 -8.337201e-06
-8.714413e-06 -8.324759e-06
-8.714413e-06 -8.359250e-06
-8.714413e-06 -8.363520e-06
-8.714413e-06 -8.349918e-06
-8.714413e-06 -8.382037e-06
-8.714413e-06 -8.375357e-06
-8.714413e-06 -8.370251e-06
-8.714413e-06 -8.374111e-06
-8.714413e-06 -8.399664e-06
-8.714413e-06 -8.406539e-06
-8.714413e-06 -8.404402e-06
-8.714413e-06 -8.402538e-06
-8.714413e-06 -8.393616e-06
-8.714413e-06 -8.392806e-06
-8.714413e-06 -8.375990e-06
-8.714413e-06 -8.412246e-06
-8.714413e-06 -8.433472e-06
-8.714413e-06 -8.426316e-06
-8.714413e-06 -8.429157e-06
-8.714413e-06 -8.416668e-06
-8.714413e-06 -8.399754e-06
-8.714413e-06 -8.420157e-06
-8.714413e-06 -8.412773e-06
-8.714413e-06 -8.446184e-06
-8.714413e-06 -8.474388e-06
-8.714413e-06 -8.481421e-06
-8.714413e-06 -8.476961e-06
-8.714413e-06 -8.494971e-06
-8.714413e-06 -8.498144e-06
-8.714413e-06 -8.515861e-06
-8.714413e-06 -8.500853e-06
-8.714413e-06 -8.491818e-06
-8.714413e-06 -8.488254e-06
-8.714413e-06 -8.480699e-06
-8.714413e-06 -8.475338e-06
-8.714413e-06 -8.461353e-06
-8.714413e-06 -8.461489e-06
-8.714413e-06 -8.461652e-06
-8.656640e-06 -8.461652e-06
-8.656640e-06 -8.457233e-06
-8.656640e-06 -8.446121e-06
-8.656640e-06 -8.430918e-06
-8.634220e-06 -8.430918e-06
-8.634220e-06 -8.425924e-06
-8.634220e-06 -8.419512e-06
-8.634220e-06 -8.438229e-06
-8.634220e-06 -8.442576e-06
-8.634220e-06 -8.435784e-06
-8.634220e-06 -8.423083e-06
-8.634220e-06 -8.423697e-06
-8.634220e-06 -8.428213e-06
-8.634220e-06 -8.414084e-06
-8.634220e-06 -8.403733e-06
-8.634220e-06 -8.406743e-06
-8.694774e-06 -8.406743e-06
-8.694774e-06 -8.406925e-06
-8.694774e-06 -8.400323e-06
-8.694774e-06 -8.398773e-06
-8.694774e-06 -8.390090e-06
-8.694774e-06 -8.388960e-06
-8.694774e-06 -8.414311e-06
-8.694774e-06 -8.411457e-06
-8.694774e-06 -8.403001e-06
-8.694774e-06 -8.389848e-06
-8.694774e-06 -8.375326e-06
-9.031503e-06 -8.375326e-06
-9.031503e-06 -8.379940e-06
-9.031503e-06 -8.399359e-06
-9.031503e-06 -8.395842e-06
-9.031503e-06 -8.382844e-06
-9.031503e-06 -8.393132e-06
-9.031503e-06 -8.402474e-06
-9.031503e-06 -8.401657e-06
-9.031503e-06 -8.385740e-06
-9.031503e-06 -8.379032e-06
-9.031503e-06 -8.385879e-06
-9.031503e-06 -8.390593e-06
-9.031503e-06 -8.375664e-06
-9.031503e-06 -8.389780e-06
-9.031503e-06 -8.418785e-06
-9.031503e-06 -8.420171e-06
-9.031503e-06 -8.413831e-06
-9.031503e-06 -8.414708e-06
-9.031503e-06 -8.400855e-06
-9.031503e-06 -8.387416e-06
-9.031503e-06 -8.373556e-06
-9.031503e-06 -8.364139e-06
-9.031503e-06 -8.359878e-06
-9.031503e-06 -8.354860e-06
-9.031503e-06 -8.342225e-06
-9.031503e-06 -8.369613e-06
-9.031503e-06 -8.356922e-06
-9.031503e-06 -8.347507e-06
-9.031503e-06 -8.337990e-06
-9.031503e-06 -8.334179e-06
-9.031503e-06 -8.340173e-06
-9.031503e-06 -8.345142e-06
-9.031503e-06 -8.356200e-06
-9.031503e-06 -8.342760e-06
-9.031503e-06 -8.346692e-06
-9.031503e-06 -8.332670e-06
-9.031503e-06 -8.318706e-06
-9.031503e-06 -8.309245e-06
-9.140355e-06 -8.309245e-06
-9.140355e-06 -8.302781e-06
-9.140355e-06 -8.305688e-06
-9.140355e-06 -8.294405e-06
-9.140355e-06 -8.284631e-06
-9.140355e-06 -8.273337e-06
-9.140355e-06 -8.262786e-06
-9.140355e-06 -8.249705e-06
-9.140355e-06 -8.259741e-06
-9.140355e-06 -8.264618e-06
-9.140355e-06 -8.259114e-06
-9.140355e-06 -8.271992e-06
-9.140355e-06 -8.282085e-06
-9.140355e-06 -8.271785e-06
-9.140355e-06 -8.259390e-06
-9.140355e-06 -8.247370e-06
-9.140355e-06 -8.244910e-06
-9.140355e-06 -8.246182e-06
-9.140355e-06 -8.283879e-06
-9.140355e-06 -8.275562e-06
-9.140355e-06 -8.302914e-06
-9.140355e-06 -8.301856e-06
-9.140355e-06 -8.299517e-06
-9.140355e-06 -8.297329e-06
-9.140355e-06 -8.287708e-06
-9.140355e-06 -8.280651e-06
-9.140355e-06 -8.267618e-06
-9.140355e-06 -8.285167e-06
-9.167525e-06 -8.285167e-06
-9.167525e-06 -8.295615e-06
-9.167525e-06 -8.302782e-06
-9.167525e-06 -8.295639e-06
-9.167525e-06 -8.295797e-06
-9.167525e-06 -8.298451e-06
-9.167525e-06 -8.289597e-06
-9.167525e-06 -8.286872e-06
-9.167525e-06 -8.312235e-06
-9.167525e-06 -8.321161e-06
-9.167525e-06 -8.316222e-06
-9.167525e-06 -8.316253e-06
-9.351436e-06 -8.316253e-06
-9.351436e-06 -8.304827e-06
-9.351436e-06 -8.292641e-06
-9.351436e-06 -8.300914e-06
-9.393455e-06 -8.300914e-06
-9.393455e-06 -8.294464e-06
-9.393455e-06 -8.283420e-06
-9.393455e-06 -8.279642e-06
-9.393455e-06 -8.267768e-06
-9.393455e-06 -8.276300e-06
-9.410237e-06 -8.276300e-06
-9.410237e-06 -8.279057e-06
-9.410237e-06 -8.267685e-06
-9.410237e-06 -8.263592e-06
-9.410237e-06 -8.268009e-06
-9.410237e-06 -8.261884e-06
-9.410237e-06 -8.266681e-06
-9.302716e-06 -8.266681e-06
-9.665775e-06 -8.266681e-06
-9.665775e-06 -8.282823e-06
-9.665775e-06 -8.288395e-06
-9.665775e-06 -8.298746e-06
-9.665775e-06 -8.287979e-06
-9.665775e-06 -8.275598e-06
-9.665775e-06 -8.269766e-06
-9.665775e-06 -8.292301e-06
-9.665775e-06 -8.279759e-06
-9.665775e-06 -8.279933e-06
-9.539675e-06 -8.279933e-06
-9.539675e-06 -8.285358e-06
-9.539675e-06 -8.309313e-06
-9.539675e-06 -8.299514e-06
-9.539675e-06 -8.294235e-06
-9.409386e-06 -8.294235e-06
-9.409386e-06 -8.287894e-06
-9.409386e-06 -8.294142e-06
-9.409386e-06 -8.294236e-06
-9.409386e-06 -8.297568e-06
-9.395891e-06 -8.297568e-06
-9.395891e-06 -8.295886e-06
-9.395891e-06 -8.283741e-06
-9.279137e-06 -8.283741e-06
-9.279137e-06 -8.299675e-06
-9.279137e-06 -8.296331e-06
-9.279137e-06 -8.290045e-06
-9.279137e-06 -8.301415e-06
-9.170409e-06 -8.301415e-06
-9.170409e-06 -8.292501e-06
-9.170409e-06 -8.297719e-06
-9.183453e-06 -8.297719e-06
-9.183453e-06 -8.295869e-06
-9.183453e-06 -8.290954e-06
-9.183453e-06 -8.284411e-06
-9.183453e-06 -8.272823e-06
-9.183453e-06 -8.269049e-06
-9.183453e-06 -8.257452e-06
-9.183453e-06 -8.249930e-06
-9.183453e-06 -8.241691e-06
-9.183453e-06 -8.235843e-06
-9.183453e-06 -8.232962e-06
-9.183453e-06 -8.242667e-06
-9.183453e-06 -8.239226e-06
-9.183453e-06 -8.243114e-06
-9.183453e-06 -8.255119e-06
-9.154124e-06 -8.255119e-06
-9.154124e-06 -8.244186e-06
-9.154124e-06 -8.232709e-06
-9.154124e-06 -8.244511e-06
-9.154124e-06 -8.252992e-06
-9.154124e-06 -8.252698e-06
-9.154124e-06 -8.246454e-06
-9.154124e-06 -8.240708e-06
-9.154124e-06 -8.233738e-06
-9.154124e-06 -8.228751e-06
-9.154124e-06 -8.218133e-06
-9.154124e-06 -8.233013e-06
-9.154124e-06 -8.228315e-06
-9.154124e-06 -8.221912e-06
-9.154124e-06 -8.210670e-06
-9.154124e-06 -8.202373e-06
-9.154124e-06 -8.192783e-06
-9.154124e-06 -8.190405e-06
-9.154124e-06 -8.180840e-06
-9.154124e-06 -8.184422e-06
-9.154124e-06 -8.183672e-06
-9.154124e-06 -8.178452e-06
-9.154124e-06 -8.178117e-06
-9.152638e-06 -8.178117e-06
-9.152638e-06 -8.175037e-06
-9.152638e-06 -8.196548e-06
-9.152638e-06 -8.219622e-06
-9.185543e-06 -8.219622e-06
-9.089777e-06 -8.219622e-06
-9.089777e-06 -8.214006e-06
-9.089777e-06 -8.229976e-06
-9.007776e-06 -8.229976e-06
-9.007776e-06 -8.222563e-06
-9.007776e-06 -8.240824e-06
-9.007776e-06 -8.230133e-06
-9.007776e-06 -8.219423e-06
-9.007776e-06 -8.225838e-06
-9.007776e-06 -8.243352e-06
-9.007776e-06 -8.245541e-06
-9.007776e-06 -8.262599e-06
-9.007776e-06 -8.253909e-06
-9.007776e-06 -8.260914e-06
-9.007776e-06 -8.273283e-06
-9.007776e-06 -8.270587e-06
-9.007776e-06 -8.271975e-06
-9.007776e-06 -8.265295e-06
-9.007776e-06 -8.270241e-06
-9.049271e-06 -8.270241e-06
-9.049271e-06 -8.282328e-06
-9.049271e-06 -8.276269e-06
-9.049271e-06 -8.275544e-06
-9.049271e-06 -8.278939e-06
-9.049271e-06 -8.277625e-06
-9.049271e-06 -8.268186e-06
-9.049271e-06 -8.259882e-06
-9.162368e-06 -8.259882e-06
-9.162368e-06 -8.263810e-06
-9.162368e-06 -8.256938e-06
-9.162368e-06 -8.258206e-06
-9.162368e-06 -8.251123e-06
-9.162368e-06 -8.249455e-06
-9.081742e-06 -8.249455e-06
-9.081742e-06 -8.247972e-06
-9.081742e-06 -8.251118e-06
-9.081742e-06 -8.260922e-06
-9.081742e-06 -8.286259e-06
-9.081742e-06 -8.276326e-06
-9.081742e-06 -8.266982e-06
-9.081742e-06 -8.267948e-06
-9.081742e-06 -8.263393e-06
-9.081742e-06 -8.254757e-06
-9.081742e-06 -8.245068e-06
-9.072964e-06 -8.245068e-06
-9.072964e-06 -8.244722e-06
-9.072964e-06 -8.241449e-06
-9.072964e-06 -8.231784e-06
-9.072964e-06 -8.223113e-06
-9.072964e-06 -8.227493e-06
-9.072964e-06 -8.229899e-06
-9.072964e-06 -8.225567e-06
-9.072964e-06 -8.234380e-06
-9.072964e-06 -8.224588e-06
-9.072964e-06 -8.214800e-06
-9.072964e-06 -8.211281e-06
-9.072964e-06 -8.210818e-06
-9.072964e-06 -8.209915e-06
-9.072964e-06 -8.201676e-06
-9.072964e-06 -8.196546e-06
-9.083794e-06 -8.196546e-06
-9.083794e-06 -8.201528e-06
-9.083794e-06 -8.199312e-06
-9.083794e-06 -8.196614e-06
-9.083794e-06 -8.190083e-06
-9.083794e-06 -8.187493e-06
-9.083794e-06 -8.188221e-06
-9.083794e-06 -8.195066e-06
-9.083794e-06 -8.192389e-06
-9.083794e-06 -8.184393e-06
-9.083794e-06 -8.175734e-06
-9.124293e-06 -8.175734e-06
-9.124293e-06 -8.177028e-06
-9.124293e-06 -8.180157e-06
-9.124293e-06 -8.173707e-06
-9.124293e-06 -8.179930e-06
-9.124293e-06 -8.181275e-06
-9.124293e-06 -8.185718e-06
-9.124293e-06 -8.179404e-06
-9.124293e-06 -8.184749e-06
-9.124293e-06 -8.176584e-06
-9.124293e-06 -8.181659e-06
-9.077220e-06 -8.181659e-06
-9.013715e-06 -8.181659e-06
-9.013715e-06 -8.184972e-06
-9.013715e-06 -8.193192e-06
-9.013715e-06 -8.186239e-06
-9.013715e-06 -8.181046e-06
-9.013715e-06 -8.182120e-06
-9.013715e-06 -8.174626e-06
-9.013715e-06 -8.173739e-06
-9.013715e-06 -8.169377e-06
-9.013715e-06 -8.175936e-06
-9.013715e-06 -8.181541e-06
-9.013715e-06 -8.173831e-06
-9.013715e-06 -8.166743e-06
-9.013715e-06 -8.159851e-06
-9.013715e-06 -8.159489e-06
-9.013715e-06 -8.162838e-06
-9.013715e-06 -8.158466e-06
-9.013715e-06 -8.183994e-06
-9.013715e-06 -8.178482e-06
-9.013715e-06 -8.180381e-06
-9.013715e-06 -8.185007e-06
-8.976935e-06 -8.185007e-06
-8.993026e-06 -8.185007e-06
-8.993026e-06 -8.177805e-06
-8.993026e-06 -8.176634e-06
-8.993026e-06 -8.170413e-06
-8.993026e-06 -8.167265e-06
-8.993026e-06 -8.181977e-06
-8.993026e-06 -8.183569e-06
-8.993026e-06 -8.184654e-06
-8.993026e-06 -8.185688e-06
-8.993026e-06 -8.178655e-06
-8.943949e-06 -8.178655e-06
-8.943949e-06 -8.177611e-06
-8.943949e-06 -8.179839e-06
-8.943949e-06 -8.177799e-06
-8.943949e-06 -8.175232e-06
-8.961483e-06 -8.175232e-06
-8.961483e-06 -8.190095e-06
-8.961483e-06 -8.192812e-06
-8.961483e-06 -8.190405e-06
-8.961483e-06 -8.183338e-06
-8.961483e-06 -8.183277e-06
-8.961483e-06 -8.177388e-06
-8.961483e-06 -8.170221e-06
-8.961483e-06 -8.173642e-06
-8.961483e-06 -8.166515e-06
-8.961483e-06 -8.168095e-06
-8.961483e-06 -8.161690e-06
-8.961483e-06 -8.168449e-06
-8.961483e-06 -8.166747e-06
-8.961483e-06 -8.172438e-06
-8.988388e-06 -8.172438e-06
-8.988388e-06 -8.164703e-06
-8.918359e-06 -8.164703e-06
-8.918359e-06 -8.163669e-06
-8.918359e-06 -8.156915e-06
-8.918359e-06 -8.149628e-06
-8.918359e-06 -8.164937e-06
-8.918359e-06 -8.173773e-06
-8.918359e-06 -8.166877e-06
-8.918359e-06 -8.167047e-06
-8.908274e-06 -8.167047e-06
-8.908274e-06 -8.167294e-06
-8.908274e-06 -8.160154e-06
-8.908274e-06 -8.173273e-06
-8.908274e-06 -8.189257e-06
-8.908274e-06 -8.188031e-06
-8.908274e-06 -8.193448e-06
-8.908274e-06 -8.190494e-06
-8.848957e-06 -8.190494e-06
-8.848957e-06 -8.186525e-06
-8.848957e-06 -8.190667e-06
-8.848957e-06 -8.196632e-06
-8.848957e-06 -8.207378e-06
-8.848957e-06 -8.205010e-06
-8.848957e-06 -8.199871e-06
-8.848957e-06 -8.192885e-06
-8.848957e-06 -8.197168e-06
-8.848957e-06 -8.189775e-06
-8.848957e-06 -8.186535e-06
-8.848957e-06 -8.192836e-06
-8.848957e-06 -8.195447e-06
-8.848957e-06 -8.189779e-06
-8.848957e-06 -8.201953e-06
-8.848957e-06 -8.207884e-06
-8.848957e-06 -8.203443e-06
-8.848957e-06 -8.199724e-06
-8.848957e-06 -8.194795e-06
-8.848957e-06 -8.188687e-06
-8.848957e-06 -8.189733e-06
-8.848957e-06 -8.184937e-06
-8.848957e-06 -8.178246e-06
-8.848957e-06 -8.172346e-06
-8.796931e-06 -8.172346e-06
-8.796931e-06 -8.167895e-06
-8.796931e-06 -8.164361e-06
-8.796931e-06 -8.167330e-06
-8.796931e-06 -8.165728e-06
-8.796931e-06 -8.171467e-06
-8.796931e-06 -8.174441e-06
-8.738943e-06 -8.174441e-06
-8.738943e-06 -8.169900e-06
-8.738943e-06 -8.172986e-06
-8.738943e-06 -8.185826e-06
-8.738943e-06 -8.194565e-06
-8.738943e-06 -8.186457e-06
-8.738943e-06 -8.181142e-06
-8.738943e-06 -8.177087e-06
-8.738943e-06 -8.178538e-06
-8.738943e-06 -8.176235e-06
-8.738943e-06 -8.176964e-06
-8.738943e-06 -8.177088e-06
-8.738943e-06 -8.169096e-06
-8.668360e-06 -8.169096e-06
-8.668360e-06 -8.170489e-06
-8.668360e-06 -8.166204e-06
-8.668360e-06 -8.158296e-06
-8.668360e-06 -8.153356e-06
-8.668360e-06 -8.154114e-06
-8.668360e-06 -8.146911e-06
-8.668360e-06 -8.147903e-06
-8.668360e-06 -8.145010e-06
-8.668360e-06 -8.137689e-06
-8.668360e-06 -8.133197e-06
-8.668360e-06 -8.130799e-06
-8.668360e-06 -8.123697e-06
-8.668360e-06 -8.121122e-06
-8.668360e-06 -8.132085e-06
-8.668360e-06 -8.126399e-06
-8.668360e-06 -8.131775e-06
-8.668360e-06 -8.125410e-06
-8.597540e-06 -8.125410e-06
-8.597540e-06 -8.118312e-06
-8.597540e-06 -8.127880e-06
-8.597540e-06 -8.129859e-06
-8.597540e-06 -8.126203e-06
-8.597540e-06 -8.128744e-06
-8.597540e-06 -8.133719e-06
-8.597540e-06 -8.140005e-06
-8.597540e-06 -8.138420e-06
-8.597540e-06 -8.135516e-06
-8.597540e-06 -8.130111e-06
-8.597540e-06 -8.128564e-06
-8.597540e-06 -8.128449e-06
-8.597540e-06 -8.125987e-06
-8.597540e-06 -8.121163e-06
-8.597540e-06 -8.116164e-06
-8.597540e-06 -8.108941e-06
-8.597540e-06 -8.110671e-06
-8.597540e-06 -8.125160e-06
-8.597540e-06 -8.120665e-06
-8.537173e-06 -8.120665e-06
-8.537173e-06 -8.118277e-06
-8.488333e-06 -8.118277e-06
-8.488333e-06 -8.142232e-06
-8.488333e-06 -8.135901e-06
-8.490585e-06 -8.135901e-06
-8.490585e-06 -8.131039e-06
-8.490585e-06 -8.131902e-06
-8.490585e-06 -8.135374e-06
-8.490585e-06 -8.143957e-06
-8.490585e-06 -8.137590e-06
-8.490585e-06 -8.139946e-06
-8.490585e-06 -8.140405e-06
-8.490585e-06 -8.140616e-06
-8.490585e-06 -8.143501e-06
-8.490585e-06 -8.137321e-06
-8.490585e-06 -8.134077e-06
-8.490585e-06 -8.153167e-06
-8.490585e-06 -8.150651e-06
-8.490585e-06 -8.151852e-06
-8.490585e-06 -8.149189e-06
-8.490585e-06 -8.151497e-06
-8.490585e-06 -8.146100e-06
-8.490585e-06 -8.145446e-06
-8.490585e-06 -8.142343e-06
-8.490585e-06 -8.138699e-06
-8.490585e-06 -8.132990e-06
-8.490585e-06 -8.127455e-06
-8.490585e-06 -8.121366e-06
-8.521643e-06 -8.121366e-06
-8.521643e-06 -8.115103e-06
-8.526978e-06 -8.115103e-06
-8.526978e-06 -8.109756e-06
-8.526978e-06 -8.113445e-06
-8.526978e-06 -8.111187e-06
-8.526978e-06 -8.121972e-06
-8.526978e-06 -8.122319e-06
-8.526978e-06 -8.129084e-06
-8.526978e-06 -8.133125e-06
-8.616799e-06 -8.133125e-06
-8.616799e-06 -8.136349e-06
-8.616799e-06 -8.139838e-06
-8.668946e-06 -8.139838e-06
-8.668946e-06 -8.140433e-06
-8.668946e-06 -8.144901e-06
-8.668946e-06 -8.141671e-06
-8.668946e-06 -8.136255e-06
-8.668946e-06 -8.136254e-06
-8.668946e-06 -8.133776e-06
-8.668946e-06 -8.139485e-06
-8.668946e-06 -8.140799e-06
-8.668946e-06 -8.142144e-06
-8.668946e-06 -8.163744e-06
-8.766655e-06 -8.163744e-06
-8.766655e-06 -8.163191e-06
-8.766655e-06 -8.159322e-06
-8.766655e-06 -8.164742e-06
-8.766655e-06 -8.168320e-06
-8.766655e-06 -8.162760e-06
-8.766655e-06 -8.158593e-06
-8.766655e-06 -8.159753e-06
-8.766655e-06 -8.168305e-06
-8.766655e-06 -8.164735e-06
-8.766655e-06 -8.158850e-06
-8.766655e-06 -8.169541e-06
-8.766655e-06 -8.165500e-06
-8.766655e-06 -8.164166e-06
-8.766655e-06 -8.177590e-06
-8.805720e-06 -8.177590e-06
-8.805720e-06 -8.190246e-06
-8.805720e-06 -8.193473e-06
-8.805720e-06 -8.206485e-06
-8.805720e-06 -8.200301e-06
