-1.094304e-14 0.000000e+00
-1.094304e-14 -2.106051e-11
-9.499490e-15 -2.106051e-11
-6.628937e-12 -2.106051e-11
-9.391690e-12 -2.106051e-11
-1.141002e-11 -2.106051e-11
-1.224202e-11 -2.106051e-11
-1.278582e-11 -2.106051e-11
-1.322234e-11 -2.106051e-11
-1.373336e-11 -2.106051e-11
-1.420220e-11 -2.106051e-11
-1.467127e-11 -2.106051e-11
-1.483864e-11 -2.106051e-11
-1.503142e-11 -2.106051e-11
-1.516657e-11 -2.106051e-11
-1.552874e-11 -2.106051e-11
-1.572293e-11 -2.106051e-11
-1.608873e-11 -2.106051e-11
-1.631255e-11 -2.106051e-11
-1.631255e-11 -1.928871e-11
-1.545855e-11 -1.928871e-11
-1.572311e-11 -1.928871e-11
-1.585159e-11 -1.928871e-11
-1.586678e-11 -1.928871e-11
-1.587595e-11 -1.928871e-11
-1.587764e-11 -1.928871e-11
-1.594579e-11 -1.928871e-11
-1.604924e-11 -1.928871e-11
-1.612091e-11 -1.928871e-11
-1.632627e-11 -1.928871e-11
-1.641055e-11 -1.928871e-11
-1.641055e-11 -1.940344e-11
-1.586356e-11 -1.940344e-11
-1.589616e-11 -1.940344e-11
-1.606917e-11 -1.940344e-11
-1.607651e-11 -1.940344e-11
-1.610091e-11 -1.940344e-11
-1.615318e-11 -1.940344e-11
-1.615610e-11 -1.940344e-11
-1.618843e-11 -1.940344e-11
-1.630293e-11 -1.940344e-11
-1.630849e-11 -1.940344e-11
-1.638675e-11 -1.940344e-11
-1.651279e-11 -1.940344e-11
-1.657380e-11 -1.940344e-11
-1.663218e-11 -1.940344e-11
-1.662552e-11 -1.940344e-11
-1.662552e-11 -1.958972e-11
-1.625735e-11 -1.958972e-11
-1.622209e-11 -1.958972e-11
-1.628780e-11 -1.958972e-11
-1.632497e-11 -1.958972e-11
-1.636156e-11 -1.958972e-11
-1.637713e-11 -1.958972e-11
-1.644746e-11 -1.958972e-11
-1.645611e-11 -1.958972e-11
-1.650390e-11 -1.958972e-11
-1.655921e-11 -1.958972e-11
-1.657976e-11 -1.958972e-11
-1.666078e-11 -1.958972e-11
-1.678697e-11 -1.958972e-11
-1.683368e-11 -1.958972e-11
-1.690461e-11 -1.958972e-11
-1.693932e-11 -1.958972e-11
-1.693932e-11 -1.942548e-11
-1.666233e-11 -1.942548e-11
-1.667467e-11 -1.942548e-11
-1.670912e-11 -1.942548e-11
-1.671983e-11 -1.942548e-11
-1.671983e-11 -1.986205e-11
-1.646268e-11 -1.986205e-11
-1.647370e-11 -1.986205e-11
-1.650378e-11 -1.986205e-11
-1.654295e-11 -1.986205e-11
-1.655511e-11 -1.986205e-11
-1.655818e-11 -1.986205e-11
-1.659467e-11 -1.986205e-11
-1.664327e-11 -1.986205e-11
-1.666982e-11 -1.986205e-11
-1.666886e-11 -1.986205e-11
-1.666290e-11 -1.986205e-11
-1.673421e-11 -1.986205e-11
-1.679175e-11 -1.986205e-11
-1.681039e-11 -1.986205e-11
-1.683441e-11 -1.986205e-11
-1.687332e-11 -1.986205e-11
-1.687332e-11 -1.986206e-11
-1.666544e-11 -1.986206e-11
-1.671685e-11 -1.986206e-11
-1.673727e-11 -1.986206e-11
-1.677012e-11 -1.986206e-11
-1.677317e-11 -1.986206e-11
-1.676965e-11 -1.986206e-11
-1.681365e-11 -1.986206e-11
-1.682066e-11 -1.986206e-11
-1.683526e-11 -1.986206e-11
-1.686640e-11 -1.986206e-11
-1.686640e-11 -2.011682e-11
-1.668157e-11 -2.011682e-11
-1.670640e-11 -2.011682e-11
-1.674580e-11 -2.011682e-11
-1.675748e-11 -2.011682e-11
-1.674778e-11 -2.011682e-11
-1.675991e-11 -2.011682e-11
-1.675986e-11 -2.011682e-11
-1.680117e-11 -2.011682e-11
-1.679726e-11 -2.011682e-11
-1.680628e-11 -2.011682e-11
-1.684041e-11 -2.011682e-11
-1.684041e-11 -2.012974e-11
-1.684041e-11 -1.817703e-11
-1.667571e-11 -1.817703e-11
-1.667656e-11 -1.817703e-11
-1.669927e-11 -1.817703e-11
-1.671278e-11 -1.817703e-11
-1.673602e-11 -1.817703e-11
-1.674257e-11 -1.817703e-11
-1.678548e-11 -1.817703e-11
-1.680327e-11 -1.817703e-11
-1.680634e-11 -1.817703e-11
-1.679695e-11 -1.817703e-11
-1.680628e-11 -1.817703e-11
-1.683047e-11 -1.817703e-11
-1.684499e-11 -1.817703e-11
-1.684773e-11 -1.817703e-11
-1.685951e-11 -1.817703e-11
-1.688390e-11 -1.817703e-11
-1.690660e-11 -1.817703e-11
-1.691729e-11 -1.817703e-11
-1.694591e-11 -1.817703e-11
-1.692514e-11 -1.817703e-11
-1.691420e-11 -1.817703e-11
-1.691420e-11 -1.828434e-11
-1.677685e-11 -1.828434e-11
-1.681708e-11 -1.828434e-11
-1.681694e-11 -1.828434e-11
-1.684043e-11 -1.828434e-11
-1.683311e-11 -1.828434e-11
-1.685555e-11 -1.828434e-11
-1.685555e-11 -1.830765e-11
-1.672521e-11 -1.830765e-11
-1.672521e-11 -1.827508e-11
-1.659694e-11 -1.827508e-11
-1.660915e-11 -1.827508e-11
-1.663772e-11 -1.827508e-11
-1.665404e-11 -1.827508e-11
-1.666757e-11 -1.827508e-11
-1.667996e-11 -1.827508e-11
-1.672253e-11 -1.827508e-11
-1.673165e-11 -1.827508e-11
-1.675327e-11 -1.827508e-11
-1.676182e-11 -1.827508e-11
-1.678664e-11 -1.827508e-11
-1.679708e-11 -1.827508e-11
-1.680494e-11 -1.827508e-11
-1.680825e-11 -1.827508e-11
-1.681449e-11 -1.827508e-11
-1.681344e-11 -1.827508e-11
-1.681348e-11 -1.827508e-11
-1.680979e-11 -1.827508e-11
-1.679798e-11 -1.827508e-11
-1.681305e-11 -1.827508e-11
-1.684718e-11 -1.827508e-11
-1.686144e-11 -1.827508e-11
-1.686673e-11 -1.827508e-11
-1.686194e-11 -1.827508e-11
-1.686928e-11 -1.827508e-11
-1.690791e-11 -1.827508e-11
-1.689941e-11 -1.827508e-11
-1.689941e-11 -1.824514e-11
-1.679222e-11 -1.824514e-11
-1.679222e-11 -1.829825e-11
-1.668599e-11 -1.829825e-11
-1.670800e-11 -1.829825e-11
-1.672104e-11 -1.829825e-11
-1.671515e-11 -1.829825e-11
-1.673587e-11 -1.829825e-11
-1.676401e-11 -1.829825e-11
-1.677903e-11 -1.829825e-11
-1.680663e-11 -1.829825e-11
-1.681534e-11 -1.829825e-11
-1.682523e-11 -1.829825e-11
-1.685622e-11 -1.829825e-11
-1.686773e-11 -1.829825e-11
-1.687730e-11 -1.829825e-11
-1.689442e-11 -1.829825e-11
-1.689809e-11 -1.829825e-11
-1.689778e-11 -1.829825e-11
-1.692673e-11 -1.829825e-11
-1.694411e-11 -1.829825e-11
-1.695877e-11 -1.829825e-11
-1.696924e-11 -1.829825e-11
-1.698770e-11 -1.829825e-11
-1.699366e-11 -1.829825e-11
-1.700729e-11 -1.829825e-11
-1.701089e-11 -1.829825e-11
-1.700849e-11 -1.829825e-11
-1.700849e-11 -1.849135e-11
-1.691587e-11 -1.849135e-11
-1.692374e-11 -1.849135e-11
-1.692374e-11 -1.851380e-11
-1.683250e-11 -1.851380e-11
-1.684075e-11 -1.851380e-11
-1.685587e-11 -1.851380e-11
-1.686243e-11 -1.851380e-11
-1.687775e-11 -1.851380e-11
-1.688944e-11 -1.851380e-11
-1.688944e-11 -1.881608e-11
-1.680117e-11 -1.881608e-11
-1.681987e-11 -1.881608e-11
-1.681737e-11 -1.881608e-11
-1.683766e-11 -1.881608e-11
-1.684309e-11 -1.881608e-11
-1.684580e-11 -1.881608e-11
-1.685191e-11 -1.881608e-11
-1.685257e-11 -1.881608e-11
-1.685478e-11 -1.881608e-11
-1.687330e-11 -1.881608e-11
-1.687330e-11 -1.882494e-11
-1.678944e-11 -1.882494e-11
-1.680462e-11 -1.882494e-11
-1.681635e-11 -1.882494e-11
-1.684195e-11 -1.882494e-11
-1.684195e-11 -1.876078e-11
-1.675981e-11 -1.876078e-11
-1.675402e-11 -1.876078e-11
-1.675402e-11 -1.885916e-11
-1.675402e-11 -1.802574e-11
-1.667323e-11 -1.802574e-11
-1.668474e-11 -1.802574e-11
-1.668219e-11 -1.802574e-11
-1.667825e-11 -1.802574e-11
-1.668877e-11 -1.802574e-11
-1.669623e-11 -1.802574e-11
-1.671114e-11 -1.802574e-11
-1.672649e-11 -1.802574e-11
-1.673175e-11 -1.802574e-11
-1.674727e-11 -1.802574e-11
-1.676754e-11 -1.802574e-11
-1.677243e-11 -1.802574e-11
-1.678056e-11 -1.802574e-11
-1.678824e-11 -1.802574e-11
-1.680791e-11 -1.802574e-11
-1.682814e-11 -1.802574e-11
-1.682581e-11 -1.802574e-11
-1.683161e-11 -1.802574e-11
-1.683579e-11 -1.802574e-11
-1.685152e-11 -1.802574e-11
-1.686549e-11 -1.802574e-11
-1.686565e-11 -1.802574e-11
-1.686487e-11 -1.802574e-11
-1.689370e-11 -1.802574e-11
-1.690607e-11 -1.802574e-11
-1.691462e-11 -1.802574e-11
-1.691462e-11 -1.793887e-11
-1.684234e-11 -1.793887e-11
-1.684234e-11 -1.793638e-11
-1.677043e-11 -1.793638e-11
-1.678460e-11 -1.793638e-11
-1.680199e-11 -1.793638e-11
-1.680442e-11 -1.793638e-11
-1.681141e-11 -1.793638e-11
-1.682975e-11 -1.793638e-11
-1.683355e-11 -1.793638e-11
-1.684340e-11 -1.793638e-11
-1.685798e-11 -1.793638e-11
-1.685100e-11 -1.793638e-11
-1.686356e-11 -1.793638e-11
-1.687440e-11 -1.793638e-11
-1.688905e-11 -1.793638e-11
-1.689468e-11 -1.793638e-11
-1.690768e-11 -1.793638e-11
-1.690661e-11 -1.793638e-11
-1.690661e-11 -1.785028e-11
-1.690661e-11 -1.718364e-11
-1.690661e-11 -1.657205e-11
-1.690661e-11 -1.599964e-11
-1.690661e-11 -1.546566e-11
-1.690661e-11 -1.496778e-11
-1.690661e-11 -1.450395e-11
-1.690661e-11 -1.406878e-11
-1.690661e-11 -1.365824e-11
-1.690661e-11 -1.327240e-11
-1.690661e-11 -1.290710e-11
-1.690661e-11 -1.256506e-11
-1.690661e-11 -1.224070e-11
-1.690661e-11 -1.193147e-11
-1.690661e-11 -1.163730e-11
-1.690661e-11 -1.135853e-11
-1.690661e-11 -1.109205e-11
-1.683920e-11 -1.109205e-11
-1.683920e-11 -1.130187e-11
-1.683920e-11 -1.105300e-11
-1.683920e-11 -1.081581e-11
-1.683920e-11 -1.058733e-11
-1.677234e-11 -1.058733e-11
-1.677234e-11 -1.081958e-11
-1.677234e-11 -1.060019e-11
-1.677234e-11 -1.039030e-11
-1.677234e-11 -1.018956e-11
-1.677234e-11 -9.994471e-12
-1.677234e-11 -9.807052e-12
-1.677234e-11 -9.630227e-12
-1.677234e-11 -9.459411e-12
-1.677234e-11 -9.295300e-12
-1.677234e-11 -9.137447e-12
-1.670589e-11 -9.137447e-12
-1.670589e-11 -9.324131e-12
-1.670589e-11 -9.170732e-12
-1.670589e-11 -9.022314e-12
-1.663987e-11 -9.022314e-12
-1.663987e-11 -9.201589e-12
-1.663987e-11 -9.056925e-12
-1.663987e-11 -8.917952e-12
-1.663987e-11 -8.780964e-12
-1.663987e-11 -8.650007e-12
-1.663987e-11 -8.524425e-12
-1.663987e-11 -8.403168e-12
-1.657443e-11 -8.403168e-12
-1.657443e-11 -8.574310e-12
-1.650969e-11 -8.574310e-12
-1.652243e-11 -8.574310e-12
-1.652243e-11 -8.746476e-12
-1.652243e-11 -8.625501e-12
-1.652243e-11 -8.507339e-12
-1.652243e-11 -8.393076e-12
-1.652243e-11 -8.282448e-12
-1.652243e-11 -8.174293e-12
-1.645833e-11 -8.174293e-12
-1.645833e-11 -8.323979e-12
-1.645833e-11 -8.219308e-12
-1.645833e-11 -8.117167e-12
-1.645833e-11 -8.016861e-12
-1.645833e-11 -7.917584e-12
-1.645833e-11 -7.823359e-12
-1.645833e-11 -7.730803e-12
-1.639463e-11 -7.730803e-12
-1.639463e-11 -7.912012e-12
-1.639463e-11 -7.821222e-12
-1.639463e-11 -7.732019e-12
-1.639463e-11 -7.645957e-12
-1.639463e-11 -7.561149e-12
-1.639463e-11 -7.478335e-12
-1.639463e-11 -7.396949e-12
-1.639463e-11 -7.317157e-12
-1.639463e-11 -7.240448e-12
-1.639463e-11 -7.165562e-12
-1.639463e-11 -7.091607e-12
-1.639463e-11 -7.019338e-12
-1.639463e-11 -6.948418e-12
-1.639463e-11 -6.879694e-12
-1.639463e-11 -6.811962e-12
-1.639463e-11 -6.745669e-12
-1.639463e-11 -6.681204e-12
-1.639463e-11 -6.617680e-12
-1.639463e-11 -6.555372e-12
-1.639463e-11 -6.494905e-12
-1.639463e-11 -6.435480e-12
-1.639463e-11 -6.377416e-12
-1.639463e-11 -6.320291e-12
-1.639463e-11 -6.264391e-12
-1.639463e-11 -6.209313e-12
-1.639463e-11 -6.155505e-12
-1.639463e-11 -6.103397e-12
-1.639463e-11 -6.051108e-12
-1.639463e-11 -5.999829e-12
-1.639463e-11 -5.949844e-12
-1.639463e-11 -5.901498e-12
-1.639463e-11 -5.853503e-12
-1.639463e-11 -5.806271e-12
-1.639463e-11 -5.760007e-12
-1.639463e-11 -5.714288e-12
-1.639463e-11 -5.669212e-12
-1.639463e-11 -5.624990e-12
-1.639463e-11 -5.582021e-12
-1.639463e-11 -5.539150e-12
-1.639463e-11 -5.497529e-12
-1.639463e-11 -5.456266e-12
-1.639463e-11 -5.415669e-12
-1.639463e-11 -5.375361e-12
-1.639463e-11 -5.335435e-12
-1.639463e-11 -5.296744e-12
-1.639463e-11 -5.258753e-12
-1.639463e-11 -5.220876e-12
-1.639463e-11 -5.184249e-12
-1.639463e-11 -5.148386e-12
-1.639463e-11 -5.112839e-12
-1.639463e-11 -5.077921e-12
-1.633148e-11 -5.077921e-12
-1.633524e-11 -5.077921e-12
-1.633524e-11 -5.184226e-12
-1.633524e-11 -5.149074e-12
-1.633524e-11 -5.114322e-12
-1.633524e-11 -5.079982e-12
-1.633524e-11 -5.045891e-12
-1.633524e-11 -5.013122e-12
-1.633524e-11 -4.980354e-12
-1.633524e-11 -4.948547e-12
-1.633524e-11 -4.916470e-12
-1.633524e-11 -4.885771e-12
-1.633524e-11 -4.855135e-12
-1.633524e-11 -4.824902e-12
-1.633524e-11 -4.795373e-12
-1.633524e-11 -4.766612e-12
-1.633524e-11 -4.737032e-12
-1.633524e-11 -4.708002e-12
-1.627276e-11 -4.708002e-12
-1.627276e-11 -4.773972e-12
-1.621068e-11 -4.773972e-12
-1.621068e-11 -4.869994e-12
-1.621068e-11 -4.841077e-12
-1.621068e-11 -4.813050e-12
-1.621068e-11 -4.784479e-12
-1.621068e-11 -4.756739e-12
-1.621068e-11 -4.729189e-12
-1.621068e-11 -4.702258e-12
-1.621068e-11 -4.675301e-12
-1.621068e-11 -4.648383e-12
-1.621068e-11 -4.622659e-12
-1.621068e-11 -4.596936e-12
-1.621068e-11 -4.571694e-12
-1.614916e-11 -4.571694e-12
-1.614916e-11 -4.645360e-12
-1.614916e-11 -4.620211e-12
-1.614916e-11 -4.595198e-12
-1.614916e-11 -4.570362e-12
-1.614916e-11 -4.546050e-12
-1.614916e-11 -4.521889e-12
-1.614916e-11 -4.497686e-12
-1.614916e-11 -4.474040e-12
-1.614916e-11 -4.450652e-12
-1.614916e-11 -4.427339e-12
-1.614916e-11 -4.404072e-12
-1.614916e-11 -4.381694e-12
-1.608808e-11 -4.381694e-12
-1.609635e-11 -4.381694e-12
-1.609635e-11 -4.462580e-12
-1.609635e-11 -4.440345e-12
-1.609635e-11 -4.417555e-12
-1.609635e-11 -4.395345e-12
-1.609635e-11 -4.373653e-12
-1.609635e-11 -4.351799e-12
-1.603599e-11 -4.351799e-12
-1.603599e-11 -4.439868e-12
-1.603599e-11 -4.417874e-12
-1.603599e-11 -4.396006e-12
-1.603599e-11 -4.374375e-12
-1.597623e-11 -4.374375e-12
-1.597623e-11 -4.471874e-12
-1.597623e-11 -4.450577e-12
-1.597623e-11 -4.429086e-12
-1.597623e-11 -4.408532e-12
-1.597623e-11 -4.387617e-12
-1.597623e-11 -4.367174e-12
-1.597623e-11 -4.347188e-12
-1.597623e-11 -4.327374e-12
-1.597623e-11 -4.307350e-12
-1.597623e-11 -4.287721e-12
-1.597623e-11 -4.268658e-12
-1.597623e-11 -4.249562e-12
-1.597623e-11 -4.230571e-12
-1.597623e-11 -4.211905e-12
-1.597623e-11 -4.193557e-12
-1.597623e-11 -4.175045e-12
-1.597623e-11 -4.156249e-12
-1.597623e-11 -4.138048e-12
-1.597623e-11 -4.120041e-12
-1.591671e-11 -4.120041e-12
-1.591671e-11 -4.188944e-12
-1.591671e-11 -4.170543e-12
-1.585761e-11 -4.170543e-12
-1.585761e-11 -4.246072e-12
-1.579891e-11 -4.246072e-12
-1.579891e-11 -4.314188e-12
-1.579891e-11 -4.295748e-12
-1.579891e-11 -4.277544e-12
-1.579891e-11 -4.258992e-12
-1.579891e-11 -4.240690e-12
-1.579891e-11 -4.223044e-12
-1.579891e-11 -4.205195e-12
-1.579891e-11 -4.187582e-12
-1.574083e-11 -4.187582e-12
-1.574083e-11 -4.262253e-12
-1.574083e-11 -4.244798e-12
-1.574083e-11 -4.227546e-12
-1.574083e-11 -4.210814e-12
-1.574083e-11 -4.193653e-12
-1.574083e-11 -4.176692e-12
-1.574083e-11 -4.160167e-12
-1.574083e-11 -4.143867e-12
-1.574083e-11 -4.127597e-12
-1.574083e-11 -4.111345e-12
-1.574083e-11 -4.095642e-12
-1.568322e-11 -4.095642e-12
-1.568322e-11 -4.162781e-12
-1.568322e-11 -4.146805e-12
-1.568322e-11 -4.130889e-12
-1.568322e-11 -4.115084e-12
-1.568322e-11 -4.099171e-12
-1.568322e-11 -4.083126e-12
