  0.0000000000000000e+00 -9.9166471633677444e-01 -0.0000000000000000e+00  0.0000000000000000e+00 -9.8173370231479762e-01  8.9835434835642419e-04 6.9526839007456919e-310
  5.6813526150869535e-02 -9.9166140548322157e-01 -4.4465091854290905e-04  5.6252050267800160e-04 -9.8181977251634400e-01  8.8940289865305406e-04 -3.1426230455530257e-04
  1.1380529810892781e-01 -9.9165098770467786e-01 -8.6522900392283528e-04  1.1166728049735201e-03 -9.8207434909196800e-01  8.6272635584625716e-04 -6.1940222360233198e-04
  1.7043339510854227e-01 -9.9163236360974949e-01 -1.2359851732530777e-03  1.6476618060477664e-03 -9.8248103487630056e-01  8.1949609498037173e-04 -9.0359647100969891e-04
  2.2814970288942421e-01 -9.9160304144232170e-01 -1.5490024010908255e-03  2.1597307240357314e-03 -9.8303319153682900e-01  7.5961490148138220e-04 -1.1664058405647978e-03
  2.8861432532374276e-01 -9.9155879331435393e-01 -1.7964816221421910e-03  2.6559980351928592e-03 -9.8373469739560515e-01  6.8162361014736017e-04 -1.4070782414150524e-03
  3.5330620382420086e-01 -9.9149348534591752e-01 -1.9673692953982753e-03  3.1328959286886920e-03 -9.8459312561674095e-01  5.8340995341026568e-04 -1.6217292402481770e-03
  4.1912254361223927e-01 -9.9140568383775762e-01 -2.0471329159534144e-03  3.5532160693105439e-03 -9.8554849229197483e-01  4.7076252585169010e-04 -1.7935636710003247e-03
  4.8486918169089871e-01 -9.9129510512341668e-01 -2.0438153172962982e-03  3.9018851033718188e-03 -9.8655650390562721e-01  3.4845990558730807e-04 -1.9193978723409785e-03
  5.5190028768548804e-01 -9.9115869057215555e-01 -1.9705898309111823e-03  4.1797242293046596e-03 -9.8761467868258412e-01  2.1675374843114589e-04 -2.0030475841487871e-03
  6.2079942333466376e-01 -9.9099482052924837e-01 -1.8394055486017512e-03  4.3805566053558651e-03 -9.8871315484982047e-01  7.7041710251288470e-05 -2.0454465119568799e-03
  6.9225074723405688e-01 -9.9080241212847087e-01 -1.6619753086445691e-03  4.4963044200657595e-03 -9.8984499370765133e-01 -6.9399883174253786e-05 -2.0466978173765251e-03
  7.6737283075043161e-01 -9.9058020634213262e-01 -1.4488105104052387e-03  4.5160503649011134e-03 -9.9100899182533464e-01 -2.2186283990482410e-04 -2.0054649983428036e-03
  8.4698129657874333e-01 -9.9032950142302700e-01 -1.2117986391740592e-03  4.4244196816619879e-03 -9.9219502790881631e-01 -3.7834640741148459e-04 -1.9189020499514777e-03
  9.3297396613405659e-01 -9.9005111996076844e-01 -9.6122860587137212e-04  4.1995774247373741e-03 -9.9340038917880313e-01 -5.3774512393020947e-04 -1.7811434139419005e-03
  1.0226299667831282e+00 -9.8976526453498870e-01 -7.2184869237061774e-04  3.8339669863357070e-03 -9.9454963246513817e-01 -6.8936815134427781e-04 -1.5943181340781810e-03
  1.1161307954002671e+00 -9.8948687682945236e-01 -5.0765904788056262e-04  3.3228245203626170e-03 -9.9560461088538033e-01 -8.2772619849453720e-04 -1.3588044574610499e-03
  1.2046785415762626e+00 -9.8925549051182216e-01 -3.4326477168636875e-04  2.7321955782106766e-03 -9.9644395950782971e-01 -9.3695088538659301e-04 -1.1034926567648267e-03
  1.2904211690754561e+00 -9.8907260707169220e-01 -2.1915249168119610e-04  2.0788186729403706e-03 -9.9708772607825191e-01 -1.0200815057523061e-03 -8.3209898090382862e-04
  1.3748895451279584e+00 -9.8894076428346023e-01 -1.2574862634580177e-04  1.3753491372867212e-03 -9.9754260540195760e-01 -1.0784367071550074e-03 -5.4719043210589709e-04
  1.4588859163779424e+00 -9.8886346380387735e-01 -5.3126546551563555e-05  6.3677078179577562e-04 -9.9780608035936746e-01 -1.1120798741249898e-03 -2.5248153815111182e-04
  1.5432099376720956e+00 -9.8884353238665412e-01  9.9956934213350071e-06 -1.2280974116899167e-04 -9.9787365247658333e-01 -1.1206888081721476e-03  4.8652526653916760e-05
  1.6282978966130013e+00 -9.8888295337851584e-01  7.5664910430768562e-05 -8.8564848396431193e-04 -9.9773986445715179e-01 -1.1036359838197613e-03  3.5146042696809288e-04
  1.7145382537413272e+00 -9.8898194573319731e-01  1.5631095517653316e-04 -1.6324572268226934e-03 -9.9740129128614685e-01 -1.0603439415040642e-03  6.5069053048470672e-04
  1.8007673979473253e+00 -9.8913542582112424e-01  2.6161607318497652e-04 -2.3305728400135201e-03 -9.9686836488676578e-01 -9.9182362752678636e-04  9.3567892450716679e-04
  1.8863156115963853e+00 -9.8933409428527874e-01  3.9786788783969580e-04 -2.9549047117539869e-03 -9.9616217423692666e-01 -9.0038043253083634e-04  1.1983184773134827e-03
  1.9718042833860858e+00 -9.8956929148866879e-01  5.6911365187842884e-04 -3.4929157872558079e-03 -9.9529792228516478e-01 -7.8761309109395860e-04  1.4351440513848670e-03
  2.0578226706268534e+00 -9.8983180608673338e-01  7.7583577414611494e-04 -3.9320600493055876e-03 -9.9428876701217694e-01 -6.5501480519650397e-04  1.6422249934793104e-03
  2.1452073077201987e+00 -9.9011257480708692e-01  1.0151557782254132e-03 -4.2600435450978460e-03 -9.9314256689747349e-01 -5.0365835000862010e-04  1.8151856624618677e-03
  2.2359791664451261e+00 -9.9040539483215595e-01  1.2826464987220378e-03 -4.4636823806470556e-03 -9.9184762160587525e-01 -3.3243867328017456e-04  1.9490471053377934e-03
  2.3327245164232364e+00 -9.9070328398857688e-01  1.5670998359826132e-03 -4.5182300505263416e-03 -9.9038003334500080e-01 -1.3929355146307160e-04  2.0330470508216378e-03
  2.4127793448626695e+00 -9.9092819119837749e-01  1.7796303573559384e-03 -4.4329925382719237e-03 -9.8912119091398554e-01  2.4501394521046455e-05  2.0506907308290878e-03
  2.4929662189920760e+00 -9.9112644662262295e-01  1.9473367617583630e-03 -4.2287448675504625e-03 -9.8784335530360967e-01  1.8789875721163786e-04  2.0154082380252816e-03
  2.5671430436995695e+00 -9.9128156129682510e-01  2.0390281840524274e-03 -3.9356157888720674e-03 -9.8666930742504833e-01  3.3457223321042444e-04  1.9305124381700676e-03
  2.6370480157561724e+00 -9.9140105635713638e-01  2.0487087912727086e-03 -3.5710388003492464e-03 -9.8559436260181310e-01  4.6527082088245792e-04  1.8004127488707982e-03
  2.7039315721314989e+00 -9.9149115743093119e-01  1.9711235856251464e-03 -3.1465896144300420e-03 -9.8462093967767039e-01  5.8017875562410212e-04  1.6276089242173461e-03
  2.7684074071622145e+00 -9.9155688738714221e-01  1.8038949827257167e-03 -2.6732166751450332e-03 -9.8376229956474814e-01  6.7851228798027573e-04  1.4151359840918825e-03
  2.8316024648459028e+00 -9.9160336189441234e-01  1.5464813080021988e-03 -2.1552251879069766e-03 -9.8302760654134191e-01  7.6022732769103353e-04  1.1641521426680301e-03
  2.8930919118857079e+00 -9.9163410457221179e-01  1.2098892565405332e-03 -1.6082419094023198e-03 -9.8244519559586230e-01  8.2333587043856781e-04  8.8286028186341234e-04
  2.9530364652590166e+00 -9.9165282895693807e-01  8.1135679970386352e-04 -1.0435711944726852e-03 -9.8203098252479126e-01  8.6729170700272694e-04  5.7955870874061566e-04
  3.0103193520867171e+00 -9.9166227004795748e-01  3.8373498808518214e-04 -4.8461640773851813e-04 -9.8179756040377886e-01  8.9171628180610804e-04  2.7090913130280105e-04
  3.0666377672307403e+00 -9.9166466062464576e-01 -5.8559891054259084e-05  7.3596571103637354e-05 -9.8173517361899842e-01  8.9820161909546993e-04 -4.1214150451548683e-05
  3.1236081606095656e+00 -9.9166045102777500e-01 -5.0249703713760383e-04  6.3690859964046667e-04 -9.8184408549484736e-01  8.8686809609899526e-04 -3.5557715723986787e-04
  3.1804619538766272e+00 -9.9164904825889411e-01 -9.1696377096632368e-04  1.1876550664333488e-03 -9.8211934122129907e-01  8.5798077262362051e-04 -6.5794431715307804e-04
  3.2371482899934896e+00 -9.9162919251698078e-01 -1.2805661876646808e-03  1.7159386351942908e-03 -9.8254530767300774e-01  8.1259552441544059e-04 -9.3935602888264131e-04
  3.2950840110747612e+00 -9.9159822100419048e-01 -1.5852542237868889e-03  2.2254475901109716e-03 -9.8311618629444797e-01  7.5049803831570884e-04 -1.1991471650028599e-03
  3.3560551367927767e+00 -9.9155158248490494e-01 -1.8235236916481544e-03  2.7198135578280825e-03 -9.8383817865024803e-01  6.6994287805080663e-04 -1.4368341307999576e-03
  3.4209949093274705e+00 -9.9148344316051129e-01 -1.9827426523783844e-03  3.1907432768559650e-03 -9.8471198023732176e-01  5.6958158341154368e-04 -1.6464482496208873e-03
  3.4867072535133765e+00 -9.9139291002262120e-01 -2.0510204896284543e-03  3.6015931563818842e-03 -9.8567420960857444e-01  4.5569391969228919e-04 -1.8120607718128843e-03
  3.5524906966510263e+00 -9.9127931859338136e-01 -2.0381682779710901e-03  3.9410484421533174e-03 -9.8668779778650839e-01  3.3229216400584827e-04 -1.9322816454582959e-03
  3.6197543001735974e+00 -9.9113944309586133e-01 -1.9569048209506388e-03  4.2096247527315580e-03 -9.8775202039071408e-01  1.9943912930048518e-04 -2.0107019760511094e-03
  3.6888473162060409e+00 -9.9097222992307243e-01 -1.8194166225112846e-03  4.3999646943620697e-03 -9.8885364478402693e-01  5.8987052427238789e-05 -2.0478733557929936e-03
  3.7607090909316847e+00 -9.9077609247010556e-01 -1.6368902217399910e-03  4.5043529992245595e-03 -9.8998981471310865e-01 -8.8282022154086690e-05 -2.0438942676349156e-03
  3.8362519931538088e+00 -9.9055048503091914e-01 -1.4203376984909290e-03  4.5110592828636826e-03 -9.9115576072302303e-01 -2.4118145984153324e-04 -1.9972265279211213e-03
  3.9165784912865571e+00 -9.9029612820132451e-01 -1.1809535864690274e-03  4.4041215305589323e-03 -9.9234498611544564e-01 -3.9817307531300674e-04 -1.9046214752966905e-03
  4.0029925255136503e+00 -9.9001620674866164e-01 -9.3096768921006716e-04  4.1624619677242541e-03 -9.9354501275443408e-01 -5.5685834634406337e-04 -1.7608758484037874e-03
  4.0932318338793108e+00 -9.8973001588907872e-01 -6.9368615593475849e-04  3.7785630740515904e-03 -9.9468635251136406e-01 -7.0735344073461729e-04 -1.5677565419217811e-03
  4.1862750738809051e+00 -9.8945638674926140e-01 -4.8532954331681016e-04  3.2552506017096043e-03 -9.9571698253546903e-01 -8.4239835531297789e-04 -1.3288984022394876e-03
  4.2743861553673339e+00 -9.8923075961497686e-01 -3.2630530727498143e-04  2.6562596834517052e-03 -9.9653195511671044e-01 -9.4834913151926252e-04 -1.0714777850808848e-03
  4.3598940177028229e+00 -9.8905390907504276e-01 -2.0643190766330270e-04  1.9962623647770128e-03 -9.9715268109165622e-01 -1.0284347137869160e-03 -7.9835100725589119e-04
  4.4442186753399708e+00 -9.8892853113877366e-01 -1.1613462358040267e-04  1.2881726502885519e-03 -9.9758445368669368e-01 -1.0837882381799922e-03 -5.1222700693181523e-04
  4.5282220686291579e+00 -9.8885798085189236e-01 -4.5266145452250250e-05  5.4624009375617646e-04 -9.9782468288243120e-01 -1.1144507066450423e-03 -2.1653444808133175e-04
  4.6125070342784396e+00 -9.8884508871096555e-01  1.7429131120799133e-05 -2.1371625234757076e-04 -9.9786838084983565e-01 -1.1200174761857732e-03  8.4671831258888169e-05
  4.6978120475469902e+00 -9.8889170962477502e-01  8.4315041885087434e-05 -9.7656934333284809e-04 -9.9771006821241570e-01 -1.0998338717615344e-03  3.8768999354093624e-04
  4.7841188656316129e+00 -9.8899762212197340e-01  1.6747242570231164e-04 -1.7192737886461340e-03 -9.9734731724301906e-01 -1.0534248298920694e-03  6.8578582838120397e-04
  4.8702273725552354e+00 -9.8915692721936144e-01  2.7614151589898481e-04 -2.4092133898278305e-03 -9.9679286873764028e-01 -9.8208151503552843e-04  9.6826503474956407e-04
  4.9557791140804337e+00 -9.8936053075473118e-01  4.1650271310055345e-04 -3.0241813838841622e-03 -9.9606665566476393e-01 -8.8796046404355231e-04  1.2281343123820873e-03
  5.0413004246035165e+00 -9.8959949936678726e-01  5.9204870266173378e-04 -3.5510102937095283e-03 -9.9518438352491556e-01 -7.7273854854903619e-04  1.4616151892639206e-03
  5.1273932814320222e+00 -9.8986455003629270e-01  8.0279618952202008e-04 -3.9773243457156826e-03 -9.9415900903936449e-01 -6.3791059427806100e-04  1.6647704368483748e-03
  5.2150916085797423e+00 -9.9014716240939937e-01  1.0458711616189822e-03 -4.2913702002949179e-03 -9.9299554318105732e-01 -4.8421485919657170e-04  1.8334384234346723e-03
  5.3065293295539977e+00 -9.9044131121036638e-01  1.3164882075617458e-03 -4.4788621384954834e-03 -9.9167991321904148e-01 -3.1029356468647196e-04  1.9621580444238239e-03
  5.4034555989586641e+00 -9.9073702136695940e-01  1.5994960558030772e-03 -4.5132886174803289e-03 -9.9020104102168371e-01 -1.1587148513390985e-04  2.0386180364117008e-03
  5.4825303438197110e+00 -9.9095587847135758e-01  1.8047650453556425e-03 -4.4129498434870374e-03 -9.8895392749669697e-01  4.6076584855325869e-05  2.0492050501390267e-03
  5.5617137228521125e+00 -9.9114793942432333e-01  1.9630253338620797e-03 -4.1966633199213904e-03 -9.8769169883681740e-01  2.0704983761145912e-04  2.0074258975165838e-03
  5.6352345813209324e+00 -9.9129816308948382e-01  2.0448013553953409e-03 -3.8940414933641321e-03 -9.8653074729362666e-01  3.5162573489331048e-04  1.9167816604650657e-03
  5.7047362015896530e+00 -9.9141374561185203e-01  2.0439107249968099e-03 -3.5213160740876041e-03 -9.8546764309529322e-01  4.8042435939509498e-04  1.7812061660981452e-03
  5.7712812737393673e+00 -9.9150053915915359e-01  1.9552472182957415e-03 -3.0902856882675635e-03 -9.8450781914195673e-01  5.9330176438760396e-04  1.6033233373184980e-03
  5.8355533451982255e+00 -9.9156363026359828e-01  1.7767486906611859e-03 -2.6110731631678774e-03 -9.8366377316113152e-01  6.8960407069624857e-04  1.3859548961681646e-03
  5.8985444215522129e+00 -9.9160794406382957e-01  1.5087646618688450e-03 -2.0887320887605148e-03 -9.8294673358144080e-01  7.6908071946024312e-04  1.1307604285754431e-03
  5.9598561850351990e+00 -9.9163701693680173e-01  1.1632778942874662e-03 -1.5387401871565687e-03 -9.8238425255157980e-01  8.2985252913106607e-04  8.4614404732977840e-04
  6.0193519952381243e+00 -9.9165440857845311e-01  7.6049403098938739e-04 -9.7522549687746444e-04 -9.8199315149748767e-01  8.7126793629834659e-04  5.4217700386164692e-04
  6.0764398770512118e+00 -9.9166290990498351e-01  3.3028640489951209e-04 -4.1655330382556996e-04 -9.8178087401134795e-01  8.9345340783499158e-04  2.3296934443597670e-04
  6.1328037245090261e+00 -9.9166450119361438e-01 -1.1331609882166285e-04  1.4248249768866937e-04 -9.8173922233951549e-01  8.9778210592822883e-04 -7.9781934071237228e-05
  6.1899469843571584e+00 -9.9165943162826253e-01 -5.5636572333543285e-04  7.0662600039117062e-04 -9.8186963709781439e-01  8.8420209749647623e-04 -3.9421650173911371e-04
  6.2467228328726341e+00 -9.9164706999427354e-01 -9.6511750485735886e-04  1.2545193320178953e-03 -9.8216434299210631e-01  8.5322585030641034e-04 -6.9411066662660283e-04
  6.3034498667541925e+00 -9.9162602106141062e-01 -1.3216026586657967e-03  1.7799674894627337e-03 -9.8260814436214494e-01  8.0583220256014534e-04 -9.7270444848701642e-04
  6.3616582303114857e+00 -9.9159339975605598e-01 -1.6185035186204895e-03  2.2874484964465875e-03 -9.8319716085104292e-01  7.4157523079613726e-04 -1.2298078790328633e-03
  6.4230494769820599e+00 -9.9154446874176305e-01 -1.8475998590154177e-03  2.7793079596110035e-03 -9.8393763155698633e-01  6.5867610313611940e-04 -1.4643046877224157e-03
  6.4882466282067162e+00 -9.9147356829433098e-01 -1.9958263797556267e-03  3.2445800136740185e-03 -9.8482589059885361e-01  5.5627858300321038e-04 -1.6691671468861322e-03
  6.5538567130674048e+00 -9.9138043670065179e-01 -2.0534257634598346e-03  3.6463677755708720e-03 -9.8579411618991886e-01  4.4127189886499413e-04 -1.8289090972994171e-03
  6.6197592797611344e+00 -9.9126381886223403e-01 -2.0316753687998740e-03  3.9773932965477404e-03 -9.8681396796069110e-01  3.1670754510861228e-04 -1.9439610195249562e-03
  6.6872937051658896e+00 -9.9112051446331340e-01 -1.9428252624594440e-03  4.2371431107125768e-03 -9.8788446260639939e-01  1.8269860618193450e-04 -2.0174241623221942e-03
  6.7567375332581925e+00 -9.9094967360853703e-01 -1.7990956129642472e-03  4.4176119596632474e-03 -9.8899146039639274e-01  4.1239748949753773e-05 -2.0496151669197149e-03
  6.8290324003366658e+00 -9.9074982261204669e-01 -1.6116895084344386e-03  4.5107249650867230e-03 -9.9013207024469041e-01 -1.0685683389825300e-04 -2.0404924216246485e-03
  6.9051931235767610e+00 -9.9052030225470311e-01 -1.3914136454939608e-03  4.5043031513442005e-03 -9.9130268876176797e-01 -2.6053762229516541e-04 -1.9882871226151225e-03
  6.9862502598645397e+00 -9.9026235531373918e-01 -1.1498457106843510e-03  4.3817436758304233e-03 -9.9249480108194443e-01 -4.1798604469998830e-04 -1.8895714740199943e-03
  7.0730531177597333e+00 -9.8998117152799048e-01 -9.0075597768225269e-04  4.1232419714537453e-03 -9.9368852544198538e-01 -5.7581962577576116e-04 -1.7398991686831534e-03
  7.1636758051414811e+00 -9.8969548423599996e-01 -6.6623280140905912e-04  3.7220021889265032e-03 -9.9481896682041693e-01 -7.2478731966757470e-04 -1.5409782734578696e-03
  7.2559604014427599e+00 -9.8942754180210046e-01 -4.6420115956254197e-04  3.1890392299795522e-03 -9.9582232679778959e-01 -8.5614344868466014e-04 -1.2998240225564899e-03
  7.3436581962291232e+00 -9.8920750989278272e-01 -3.1019006389600530e-04  2.5823487227249727e-03 -9.9661388558531128e-01 -9.5895653449585996e-04 -1.0404861748869777e-03
  7.4289944765369764e+00 -9.8903640989298236e-01 -1.9414435057044704e-04  1.9158648692598167e-03 -9.9721273473165839e-01 -1.0361570919330239e-03 -7.6561979533198488e-04
  7.5132999424738234e+00 -9.8891715851383433e-01 -1.0651113642233618e-04  1.2025660801892376e-03 -9.9762260691096238e-01 -1.0886707836491665e-03 -4.7800426756021490e-04
  7.5973503166922418e+00 -9.8885318194047966e-01 -3.7058666888367184e-05  4.5727612295792499e-04 -9.9784013962796658e-01 -1.1164266173915290e-03 -1.8130459978996452e-04
  7.6817740352618005e+00 -9.8884718472497013e-01  2.5656165414402132e-05 -3.0436475756741332e-04 -9.9786032506542421e-01 -1.1189975946611921e-03  1.2050462209440581e-04
  7.7672556070543424e+00 -9.8890088548510624e-01  9.4067791158900497e-05 -1.0665879058912849e-03 -9.9767769040080945e-01 -1.0957051822612317e-03  4.2348311890144094e-04
  7.8536451397384655e+00 -9.8901355608604857e-01  1.8010143391405530e-04 -1.8050785674460807e-03 -9.9729102592513086e-01 -1.0462047997508446e-03  7.2039781939355323e-04
  7.9396129118194612e+00 -9.8917838995846574e-01  2.9243310209652756e-04 -2.4865212098949666e-03 -9.9671571647777224e-01 -9.7211217567793880e-04  1.0002170999215440e-03
  8.0250808006039929e+00 -9.8938641317376619e-01  4.3705823357346113e-04 -3.0914458667998571e-03 -9.9597087649932592e-01 -8.7548057557522083e-04  1.2569876542987829e-03
  8.1106354702036541e+00 -9.8962881149987258e-01  6.1719280068978078e-04 -3.6071592880097809e-03 -9.9507132558224676e-01 -7.5788542454886983e-04  1.4870832265557424e-03
  8.1969157295951192e+00 -9.8989639671026919e-01  8.3257772552785246e-04 -4.0212544484571951e-03 -9.9402906855235562e-01 -6.2072171025927389e-04  1.6865151708941246e-03
  8.2849660482767451e+00 -9.9018059904652911e-01  1.0799213592578400e-03 -4.3214635757199971e-03 -9.9284844919126358e-01 -4.6467814233313199e-04  1.8508446784508191e-03
  8.3770944104364577e+00 -9.9047569495360921e-01  1.3542029230339400e-03 -4.4927285574101654e-03 -9.9151247471529258e-01 -2.8807173406594387e-04  1.9742595629983024e-03
  8.4737879832845575e+00 -9.9076750613519682e-01  1.6351723005114960e-03 -4.5075158914083206e-03 -9.9002986832713225e-01 -9.3319645321201985e-05  2.0428814038251277e-03
  8.5519860136577073e+00 -9.9098035560330988e-01  1.8343572145638042e-03 -4.3931733384107146e-03 -9.8879409496171866e-01  6.6900385960955822e-05  2.0467364068664624e-03
  8.6302776762757105e+00 -9.9116623070940213e-01  1.9847209347228240e-03 -4.1657014719577237e-03 -9.8754689311827137e-01  2.2561944139449339e-04  1.9987176790355991e-03
  8.7032815219545512e+00 -9.9131149817386621e-01  2.0583154275700712e-03 -3.8539052482243520e-03 -9.8639803021633110e-01  3.6833386536095844e-04  1.9023906918937932e-03
  8.7724382446816787e+00 -9.9142281731360216e-01  2.0487387417097947e-03 -3.4734820132040515e-03 -9.8534715313768051e-01  4.9531088778648040e-04  1.7614390268952220e-03
  8.8386982832068792e+00 -9.9150582866661463e-01  1.9512715540040604e-03 -3.0362923359084112e-03 -9.8440153048188528e-01  6.0622867058702623e-04  1.5785995644778041e-03
  8.9028787462476924e+00 -9.9156570595192628e-01  1.7640247898858305e-03 -2.5511564187162107e-03 -9.8357214902817325e-01  7.0064522425308860e-04  1.3562609140094532e-03
  8.9657040448708791e+00 -9.9160704516274900e-01  1.4888489585304918e-03 -2.0249720429834223e-03 -9.8287393071782836e-01  7.7791855751814434e-04  1.0971153928228336e-03
  9.0269178716787195e+00 -9.9163346171638078e-01  1.1383472577534462e-03 -1.4721598351767641e-03 -9.8233220777986996e-01  8.3643158964768094e-04  8.0934596583021187e-04
  9.0860187014888574e+00 -9.9164832085685006e-01  7.3613339137577004e-04 -9.1030211842405028e-04 -9.8196501857212037e-01  8.7538240048018153e-04  5.0513433543202934e-04
  9.1430054885312870e+00 -9.9165444649390666e-01  3.0850075586667000e-04 -3.5204989374564314e-04 -9.8177454872321268e-01  8.9540294980818252e-04  1.9563866724564105e-04
  9.1994903655710853e+00 -9.9165349247693946e-01 -1.3024227077054903e-04  2.0739028832016820e-04 -9.8175437623452377e-01  8.9762168917991055e-04 -1.1726356776200110e-04
  9.2568659859753719e+00 -9.9164542216876095e-01 -5.6498170201065955e-04  7.7161189074991541e-04 -9.8190674100775099e-01  8.8184747782748575e-04 -4.3106025508668846e-04
  9.3136708351634745e+00 -9.9162956770178401e-01 -9.6006801683536124e-04  1.3162193876656975e-03 -9.8222093123235210e-01  8.4884240928820244e-04 -7.2795290434440028e-04
  9.3706337819620504e+00 -9.9160426901955212e-01 -1.3009416948732515e-03  1.8389802154902930e-03 -9.8268311065276759e-01  7.9940520245107836e-04 -1.0035230968950572e-03
  9.4292855830465392e+00 -9.9156627829210875e-01 -1.5798513698896232e-03  2.3439527532225610e-03 -9.8329047045984441e-01  7.3293995227151365e-04 -1.2574325327000568e-03
  9.4915047225535893e+00 -9.9151018154045900e-01 -1.7882364544675980e-03  2.8340649542424401e-03 -9.8405219968892976e-01  6.4729285746855769e-04 -1.4888683797120064e-03
  9.5570183357510423e+00 -9.9143088276663704e-01 -1.9107576240810591e-03  3.2911592852206319e-03 -9.8495244813925531e-01  5.4298249642013938e-04 -1.6877852300212260e-03
  9.6226333852355328e+00 -9.9132860838860737e-01 -1.9418973796219560e-03  3.6814479713778228e-03 -9.8592391843232019e-01  4.2696748992968850e-04 -1.8408449046118671e-03
  9.6886875698052890e+00 -9.9120154810800065e-01 -1.8938431604960430e-03  4.0008251879839838e-03 -9.8694542208814584e-01  3.0152604992812315e-04 -1.9499886342426412e-03
  9.7565387765844829e+00 -9.9104611871834924e-01 -1.7776922728780062e-03  4.2481913257312693e-03 -9.8801698767359125e-01  1.6666378747854895e-04 -2.0180956863453223e-03
  9.8262378226684604e+00 -9.9086186627793904e-01 -1.6053879250830748e-03  4.4145227061940240e-03 -9.8912118047532849e-01  2.4816097677710275e-05 -2.0452923598708772e-03
  9.8989426534331599e+00 -9.9064644948268565e-01 -1.3863633154501051e-03  4.4918940972680154e-03 -9.9025850220306999e-01 -1.2363737470395825e-04 -2.0316340756914159e-03
  9.9756045012845842e+00 -9.9039890335633107e-01 -1.1297374745447392e-03  4.4673106223593849e-03 -9.9142398174924751e-01 -2.7748750677758510e-04 -1.9753028193487615e-03
  1.0057452202150648e+01 -9.9011914790160105e-01 -8.4377977962058924e-04  4.3229871496226887e-03 -9.9261125398205574e-01 -4.3524390505172544e-04 -1.8726787097598425e-03
  1.0145086152163536e+01 -9.8981236183336618e-01 -5.3934651777675063e-04  4.0385279758791250e-03 -9.9379575675665499e-01 -5.9295961636602311e-04 -1.7198073228771634e-03
  1.0237010593429323e+01 -9.8949541832837762e-01 -2.3354708344265534e-04  3.6050947214503392e-03 -9.9491761302730186e-01 -7.4207526688721862e-04 -1.5179596931233327e-03
  1.0328295653942474e+01 -9.8919891132058924e-01  5.1255207853571062e-05  3.0510539810383337e-03 -9.9588496254745307e-01 -8.7011557580629856e-04 -1.2819780868646318e-03
  1.0415854619958175e+01 -9.8894292663097061e-01  3.0840398646440800e-04  2.4192996208827699e-03 -9.9665433513825041e-01 -9.7144224109603635e-04 -1.0286199975567296e-03
  1.0501420251515185e+01 -9.8872837067854757e-01  5.5166373380988100e-04  1.7237473481131903e-03 -9.9723968436033117e-01 -1.0481478211024618e-03 -7.6160346869945318e-04
  1.0586204511027338e+01 -9.8855650401798356e-01  7.9631605258954452e-04  9.7606624803581144e-04 -9.9764581483360093e-01 -1.1010305337722565e-03 -4.8427284860159031e-04
  1.0671109192005810e+01 -9.8842827917269194e-01  1.0598558596017710e-03  1.8765249147162009e-04 -9.9787320872440088e-01 -1.1301108640891205e-03 -2.0022543986044852e-04
  1.0756968246865366e+01 -9.8834353560406574e-01  1.3628750675151297e-03 -6.3059230836739534e-04 -9.9792138425805010e-01 -1.1349545709067514e-03  8.6806312332655665e-05
  1.0844974445375978e+01 -9.8830042894009562e-01  1.7312609030301527e-03 -1.4711964894282505e-03 -9.9778947607168678e-01 -1.1146042309675718e-03  3.7390202439655722e-04
  1.0936114856705810e+01 -9.8829534964154775e-01  2.1953374475550359e-03 -2.3235633771787690e-03 -9.9747696306566613e-01 -1.0675070170491790e-03  6.5654983038195686e-04
  1.1031121789350955e+01 -9.8832100304969450e-01  2.7896323638218678e-03 -3.1728423229670441e-03 -9.9698878398896118e-01 -9.9201309202661412e-04  9.2822204865149606e-04
  1.1128904288497454e+01 -9.8836346563500688e-01  3.5386312534867520e-03 -3.9881703994791634e-03 -9.9635184978280722e-01 -8.8881545120859061e-04  1.1768085281108895e-03
  1.1228675711076026e+01 -9.8840208788717432e-01  4.4631508178950147e-03 -4.7466168273634811e-03 -9.9560866542872584e-01 -7.6030390023244419e-04  1.3925578450109425e-03
  1.1328675711076025e+01 -9.8841151838738706e-01  5.5657127769546113e-03 -5.4272152797134772e-03 -9.9482131861980805e-01 -6.1198598721762362e-04  1.5665116617981955e-03
  1.1428675711076025e+01 -9.8836556304864798e-01  6.8557340968528856e-03 -6.0307945674405962e-03 -9.9404510686426284e-01 -4.4848608677969227e-04  1.6959889477608041e-03
  1.1528675711076025e+01 -9.8823769917480753e-01  8.3440931835584119e-03 -6.5679954752897720e-03 -9.9333304730860017e-01 -2.7428501374811336e-04  1.7806201107449231e-03
  1.1628675711076024e+01 -9.8800173047148676e-01  1.0042776496869238e-02 -7.0573075948592925e-03 -9.9273603600675109e-01 -9.3812960449267849e-05  1.8217803483881038e-03
  1.1728675711076024e+01 -9.8763239058111785e-01  1.1965852345580310e-02 -7.5247227456052565e-03 -9.9230142007796529e-01  8.8721607467494729e-05  1.8225057691852440e-03
  1.1828675711076023e+01 -9.8710584487501407e-01  1.4129609589480141e-02 -8.0031838302569401e-03 -9.9207141821680733e-01  2.6948817364372236e-04  1.7872644292613485e-03
  1.1928675711076023e+01 -9.8640015703067419e-01  1.6551826618180873e-02 -8.5318223111055472e-03 -9.9208146610669867e-01  4.4515711691494204e-04  1.7215138491281337e-03
